-5.53825	2.93136
2.10058	-7.69969
0.641687	-4.78687
-5.94536	2.15467
-0.0360473	-8.71308
-4.79902	2.04529
-1.09786	-8.16016
4.73687	10.9549
1.13518	-9.1317
4.40863	10.823
5.59501	8.63373
6.59242	8.73615
-4.74727	1.90444
-6.22257	2.52353
6.09983	7.31576
1.85041	-8.22394
5.75372	8.90102
4.69334	9.33164
-5.48862	1.73987
1.25389	-7.0546
4.66304	8.13549
-3.22615	3.03539
3.20982	6.37695
-6.71748	1.76276
2.49581	-6.89961
1.43869	-5.91677
6.96016	9.53319
1.436	-7.64603
0.638112	-8.22461
-4.1297	0.00115623
-5.29774	1.57909
-3.68999	2.28949
-5.53642	1.3978
1.70761	-9.9986
-0.683862	-6.25141
-3.08821	-0.411326
-5.45253	1.89479
2.80097	-6.91029
4.6455	10.4969
0.481044	-7.11912
-5.6154	1.27946
0.607427	-6.93388
-4.36855	2.60491
-5.12847	2.27004
-3.94635	1.37562
2.21823	11.0769
-6.05505	1.28284
5.56152	9.32628
7.42231	9.9136
3.9668	9.23061
0.592328	-8.11911
0.403139	-8.53192
3.98016	8.94371
6.44465	9.77249
6.20984	8.91743
0.961334	-7.3217
-4.50388	-0.0303928
-4.6108	1.88245
1.76509	-7.91093
1.28394	-7.34741
4.11926	8.55967
0.570958	-7.61082
-4.44044	2.47201
1.64523	-7.3229
4.70221	8.96337
3.20276	9.8707
-0.781981	-8.02364
-4.21515	1.12238
2.8368	10.637
5.95674	10.5026
1.46811	-6.89795
3.35338	-7.06204
5.78432	11.5443
-0.347512	-7.9039
-4.41258	1.16151
4.7562	9.2771
-3.60404	2.98615
-3.47683	1.3312
-3.98291	1.67434
4.15557	8.98188
3.11758	9.24723
-4.22606	1.14411
-4.87745	2.74717
-4.89706	1.31157
1.69743	-7.58049
4.50362	9.51495
-5.69962	1.47261
5.50181	9.19404
5.27208	9.63532
-3.94287	1.95798
2.12351	-8.40159
-4.09866	1.81718
5.17889	8.91932
-4.4462	1.66153
-5.69677	2.32651
0.71627	-7.77763
1.51509	-7.17675
1.8594	-8.27466
-4.04915	3.94634
4.45723	8.64692
-0.0782143	-7.69033
0.568691	-8.24436
0.406325	-6.46965
2.19183	-6.91781
-4.94467	2.35583
4.44976	10.9093
0.323053	-7.62973
0.810335	-7.29011
-4.64463	2.73202
-4.54166	0.772845
-4.61583	1.07646
4.757	9.00327
4.95904	7.8692
1.047	-6.35198
5.58449	10.3119
5.34605	10.3157
-0.408134	-7.21647
3.31839	10.3077
1.10148	-7.98849
-3.79999	1.7396
-3.029	2.61907
4.52167	10.7611
1.40716	-7.17094
-4.53429	-0.342732
3.96809	8.10966
1.87178	-8.32795
-4.70877	2.11602
-4.6941	0.291523
1.70929	-7.31664
-2.00467	-7.31167
3.38501	8.62876
-3.11237	1.24007
1.21141	-7.2632
2.12381	-7.4551
-4.1437	0.841728
2.04693	-8.85223
-0.717557	-7.64694
1.1875	-7.32968
4.39184	11.6886
3.72343	10.5682
0.000965486	-5.78265
2.63433	-8.19276
6.00085	9.99077
4.34895	9.11246
7.03492	9.67346
-4.93743	1.47113
1.5658	-8.28027
2.28546	-6.25346
4.24944	8.47249
-5.6785	1.95669
0.949647	-7.61706
1.3715	-7.58043
1.03077	-7.3647
-4.95963	1.67717
-3.9293	1.06476
-5.02266	-0.0325248
4.5541	9.69995
-3.41999	1.65702
4.6052	8.30934
-4.83958	0.74623
5.19464	9.48676
-4.31173	2.73387
3.78361	8.72355
0.921062	-7.84869
-5.1994	1.05442
-0.681277	-7.07083
-5.67773	0.987702
-6.67673	0.910788
1.2539	-6.9252
-4.02921	1.36567
-0.209971	-5.32808
-4.81919	1.46181
-4.35625	1.59024
0.587975	-9.2795
4.9622	8.70434
-4.80057	2.68464
3.12262	-6.87012
1.17202	-6.25337
-5.0261	2.64187
-6.05672	2.04426
-3.90956	-0.545072
2.98377	11.1686
-4.5036	-0.183531
-0.168461	-7.74809
1.25932	-7.61888
4.39043	8.43042
-4.0759	0.804695
0.897674	-8.087
-4.94394	1.52792
5.63607	9.4724
1.78915	11.4351
-0.557108	-9.83797
4.62296	9.50453
4.0979	8.82688
-3.93342	0.771956
-5.5682	3.06521
3.08274	8.88049
-3.32104	2.01137
-4.83733	2.07349
2.89043	-7.31935
3.50523	8.91623
2.47481	-6.86539
-4.81597	1.48373
5.6347	10.5722
1.91366	-9.7871
-5.95337	1.74373
-4.97791	1.54067
1.95673	-7.41953
5.80064	9.28388
-1.8698	2.63225
-5.25243	2.86183
4.17447	9.83674
-5.05745	0.747821
0.682656	-7.88667
2.13959	-7.10649
1.90947	-8.54173
-5.30359	1.55257
5.06025	8.69837
-5.37863	1.68167
4.25828	9.00447
-4.70635	1.5594
2.44236	-8.0202
3.53388	8.15441
-5.46667	1.48132
2.69832	9.55855
4.26082	8.27337
-4.46755	0.984831
-6.34714	-0.259461
-5.08478	0.342311
-5.03434	3.52806
4.32	6.2081
-6.42217	2.68572
-5.48665	2.53906
-5.40273	2.22881
7.04107	7.74378
-0.477476	-7.83247
4.27241	10.355
5.03232	9.27448
-5.21412	2.50901
5.59794	8.14192
4.73289	7.3981
-0.552035	-9.08141
2.90165	9.62667
0.0739912	-8.00896
-4.1832	2.49313
-3.69652	1.93732
0.0768849	-8.74334
-4.72738	1.94095
0.87948	-6.75813
-5.60124	2.33256
5.20655	7.65272
0.557891	-6.08183
5.78704	8.93591
4.28904	9.28046
-5.5477	2.71376
1.32815	-8.26201
4.35104	7.92047
3.56091	-8.03845
0.478274	-8.05712
-6.07853	3.44052
-5.34049	1.64726
4.91697	8.6836
-3.55264	2.61409
0.325536	-5.58411
-0.27968	-6.59031
2.02962	-8.32972
-4.49538	2.51901
4.13646	9.1652
0.500042	-5.57447
1.53446	-9.90684
1.66881	-9.08937
-4.99087	1.96011
1.45228	9.62408
0.766647	-7.56246
3.89726	9.47263
3.96351	9.54109
1.90549	-6.17629
0.784282	-6.92002
5.62793	7.89549
1.53315	-6.72094
4.05493	8.20318
-4.8103	1.70239
-4.35702	2.44458
4.42207	8.50547
4.8329	9.84821
4.40904	9.84093
-5.29955	2.16708
-3.69586	1.6292
0.272631	-7.63454
1.13525	-9.24626
-3.6093	1.81643
0.969005	-6.86805
0.613392	-9.9686
0.643662	-6.56393
2.0923	-6.9788
4.09884	10.8211
-5.40392	-0.693364
-2.79793	1.49082
4.82443	7.25886
5.14708	9.71032
1.97865	-8.90889
0.576407	-9.25634
-4.03584	1.36691
-5.54138	2.11267
-3.28071	0.90091
-5.22121	0.515625
-4.19771	2.27314
0.667197	-8.17349
1.75004	-8.63283
-4.28095	1.42537
3.84052	9.25967
-5.74643	1.05799
1.08189	-6.75307
-4.19934	0.957081
5.56392	10.161
0.23688	-7.95811
-4.91283	1.4309
4.57857	9.04103
-4.82819	4.2354
2.21155	-8.08544
-3.69193	2.0271
0.748165	-7.34236
0.700748	-5.94467
5.48526	9.21885
-6.01074	2.55717
1.17123	-7.11794
0.842971	-9.54631
-5.21402	2.17543
1.22335	-6.8981
3.71934	8.4406
2.09398	-8.91478
7.0008	8.55376
-4.02018	2.35594
-5.021	1.41961
-0.437064	-8.45665
-4.28743	1.11793
0.170268	-7.85408
-3.93448	0.557869
0.947418	-7.14638
0.305911	-7.14926
0.072378	-6.53094
-4.83493	0.835456
1.18885	-7.56837
5.47088	8.69781
0.677611	-8.17289
0.846672	-6.88202
-3.81959	2.69767
-6.09635	0.657761
4.17515	8.99179
0.49997	-5.95529
4.28917	8.52762
-5.23175	2.47212
-4.58121	1.78006
-4.67767	0.817987
4.26796	9.09208
-0.573914	-6.04625
2.96259	-6.67617
-3.34478	0.636413
5.20255	9.19374
5.29053	9.01684
-3.27364	1.47446
5.15262	7.65856
-5.51334	0.819099
1.91286	-7.8157
4.20338	10.2188
0.927397	-9.4195
-3.24544	2.01566
-3.84906	2.07711
-6.00064	0.241669
2.27027	-8.50271
0.506421	-6.40686
-5.56571	2.9366
3.39283	7.44109
0.6156	-7.50574
1.56116	-8.2343
7.07325	7.96796
1.7087	-7.16861
-3.8295	3.68439
-6.21019	1.18165
-0.342655	-7.23985
3.69382	8.75716
-4.30825	2.18319
-5.55662	1.69552
1.48952	-7.27053
-5.75419	3.2794
1.2773	-7.35667
1.96094	8.601
0.588426	-6.74457
3.68431	10.9953
-5.18753	2.01268
3.70787	8.9134
-5.05883	2.67535
3.60939	10.003
-5.26027	1.55361
-0.529538	-7.81999
4.63997	8.07655
-4.41816	1.41073
-4.25105	3.26389
1.50122	-7.65132
-5.51539	1.45002
-0.0603136	-7.39467
0.647891	-7.74983
5.07159	8.80584
2.81775	-7.24119
4.15509	10.1917
3.99267	8.53716
1.00042	-7.07057
-4.33056	1.81083
-0.54009	-6.0469
-4.02136	1.92106
2.31268	-6.83328
5.39638	11.4123
0.0151732	-7.60237
0.217557	-7.226
3.9153	10.1374
-4.2353	3.28872
-3.60987	1.08348
3.57396	8.16364
1.63576	-9.2442
3.24996	9.32824
5.14667	8.04974
5.85231	9.45312
-6.42006	3.92241
-3.96713	3.45751
2.29623	8.892
0.889581	-7.69169
4.81948	8.69502
3.93574	9.25982
2.64168	-6.04294
4.75419	8.55695
-4.71116	2.19335
5.73381	7.18454
0.49721	-7.43144
5.94822	9.05737
2.56435	-6.72095
0.855682	-6.38247
3.957	8.13467
-4.89562	0.446743
-3.38018	1.13727
0.667423	-6.19866
4.37297	8.00216
5.71653	9.18634
3.50795	9.49963
1.47752	-7.47433
4.62271	8.90288
-5.63169	1.08051
4.16515	12.6184
1.6959	-6.46475
-5.27629	0.510295
-4.82753	3.16298
2.25446	-6.19043
1.1235	-7.27206
4.33225	10.0712
-1.37501	-7.59323
6.42506	9.12817
-4.74667	0.659573
4.35299	8.24265
1.55667	-7.07813
1.37155	-6.04006
2.83833	-7.44049
-4.68739	1.69553
-4.23149	-0.296867
0.183524	-7.03708
-3.88104	2.11137
-3.44561	2.699
4.9149	9.94626
2.27989	-8.06117
-0.0297188	-6.60472
-4.49309	0.282641
4.58281	8.22285
5.60586	9.84271
0.693781	-6.70668
-5.6841	2.36178
-6.37934	1.43275
0.74215	-6.936
2.87315	9.37707
-4.03321	1.9746
-4.95869	2.0063
-5.1849	0.239321
-4.00811	2.47926
5.65259	10.3685
1.3987	-4.5906
-3.75771	0.884502
-6.79652	1.70399
-6.07283	0.732027
-4.30188	2.26178
5.76973	9.90697
0.138536	-7.39791
-0.815903	-8.19556
0.264741	-7.06143
4.64203	10.2847
-3.98874	2.10115
3.84272	11.2481
-6.10075	1.06207
4.32119	7.60964
4.80761	10.2735
-4.64098	2.20761
-4.80046	1.51521
2.12776	-7.52101
3.77466	8.43571
1.89312	-6.44692
2.87691	-8.61725
-0.0453862	-8.6633
-2.97317	0.279456
1.6505	-7.26879
2.7103	-7.52895
-6.59848	1.97316
-0.80933	-9.55671
-0.353249	-7.00174
1.49757	-7.62285
3.82236	9.7779
1.23419	-7.31626
-4.89772	1.71218
5.15198	8.7124
1.65151	-7.57716
6.44063	8.19448
-3.11128	1.14099
0.834863	-9.3963
1.82312	-8.31866
1.3582	-8.50252
-3.87991	2.39283
0.271962	-8.07779
1.2197	-6.90917
1.58572	-7.98193
5.05487	8.31466
-3.2674	3.04883
0.563718	-6.44607
-3.77458	1.22495
0.349955	-7.67766
1.51947	-8.36817
1.58636	-7.68957
-4.42471	0.902335
2.80538	8.77198
-5.22135	1.63494
-5.09205	2.75842
5.65365	9.43748
-4.5008	1.66158
1.93535	-8.67488
0.978474	-8.43798
3.32297	8.79162
4.6619	8.2927
0.483133	-7.41244
-5.30925	0.678047
-4.81078	2.09807
3.90664	7.64026
-5.90055	2.42615
5.0186	9.26257
2.00173	-5.89572
5.72829	10.0848
-5.55502	3.62078
5.35986	9.32826
-3.88456	1.77777
-4.50367	2.26953
-5.60004	3.33134
6.13238	9.80313
6.65714	10.2683
3.66988	9.65618
2.88856	-8.38854
-5.22083	1.41914
-5.73903	1.81358
-3.7254	1.62116
-6.32686	1.56478
3.03349	-8.90088
0.654588	-5.41497
4.98235	10.8663
3.84944	9.37351
-1.10893	-7.32423
2.10983	9.27492
3.04191	7.48248
3.03	8.67493
-5.13319	1.33955
5.21779	10.7665
0.771817	-7.2899
5.90651	8.42303
4.87789	8.81705
-4.64388	2.12225
0.084471	-8.75333
4.59229	9.30895
5.09099	8.01581
1.31698	-5.09294
-3.53685	3.66504
4.11751	10.0724
-4.237	0.782622
-2.68579	2.69406
-4.71383	-0.464479
1.69718	-6.5395
5.61253	8.68949
0.413773	-6.34426
3.66882	8.88595
2.18215	-6.78552
4.29556	7.62601
-4.56496	2.63581
1.8242	-9.11123
-5.309	2.00008
2.91856	8.66938
1.18821	-6.97673
-5.60859	2.76282
1.05128	-7.92606
2.21798	-8.39608
-3.09717	0.560481
-5.23189	0.414484
2.13329	-7.53484
4.6998	9.80371
-5.97149	1.27204
1.25397	-5.1758
-3.43507	1.63554
-4.9449	2.78606
-4.04298	1.06266
-4.39658	1.44609
-7.09901	2.40828
-4.90612	2.01674
-6.02999	3.06298
-4.89246	1.58415
0.530594	-7.60404
3.59762	8.06416
1.27648	-8.13421
3.63162	7.68592
3.57896	8.69223
-4.82246	0.852384
-4.17751	2.27237
-5.80137	2.73368
4.34953	9.80283
5.4425	8.55081
-5.12914	2.101
-4.34866	2.11663
-6.40808	2.27577
1.00363	-8.43851
4.37615	10.1899
0.605881	-7.29917
-3.39695	0.718131
3.13458	11.0931
0.59756	-8.98973
2.08214	-7.79592
0.221823	-7.66407
-5.12948	3.54843
-5.60203	0.725895
2.55418	-9.8083
-5.11749	1.4549
1.85036	-10.1697
0.238131	-9.47872
5.3771	7.44339
1.3356	-7.37718
-4.62546	0.971134
-4.14108	0.602492
-6.06023	2.48809
2.5079	-6.87425
4.48333	9.03479
4.96044	9.81322
2.896	10.1174
-5.19705	2.81004
1.38459	-7.55353
5.25907	9.09024
3.41211	8.08576
-5.13259	2.18019
3.98732	9.75924
0.906844	-7.51711
3.96521	9.00718
-1.28562	-9.32465
6.70634	8.70106
-4.04375	1.50562
-5.09209	1.49306
1.18831	-7.67338
1.04618	-7.0298
2.65433	10.0326
4.72144	9.6886
-5.32636	1.48238
0.875782	-5.97304
5.29854	9.94083
-4.84139	1.69727
4.99586	10.3853
2.07951	10.6376
2.80695	9.37105
-6.15204	2.08701
-5.6473	-0.063381
-4.65432	2.19135
-0.388818	-7.41043
0.949023	-7.36806
0.66208	-5.70292
-2.46607	1.95128
2.99079	-6.42348
1.59007	-7.00138
-4.27738	3.15859
-0.322729	-8.48728
-6.39921	2.3859
3.72184	10.3087
1.29099	-7.41057
1.67614	-5.56146
5.7621	8.43852
-4.57861	2.00894
-4.63456	1.14684
5.6969	10.5739
-4.74425	1.78813
0.400672	-8.56375
-3.7988	1.75281
-5.88717	3.92946
-4.15008	2.68542
0.504335	-9.5924
1.67657	-7.52067
4.58364	8.03425
3.49719	9.16811
-6.43551	2.52179
-5.17023	-0.951166
3.63109	9.02484
0.538537	-8.28929
1.30816	-7.56946
-4.90673	1.3732
-5.69341	2.31935
-3.58916	-0.0210995
-4.90629	3.4893
0.439314	-8.30389
0.895033	-7.90072
4.96796	9.8246
1.02885	-6.36786
0.203112	-8.60229
3.94674	9.08963
2.06412	-9.30791
-4.90804	1.2036
4.43467	8.68588
-5.33439	0.912155
2.93438	9.55019
5.10962	8.57978
4.68302	9.31668
-5.29109	-0.50065
-0.0205769	-8.54984
1.75875	-6.60225
4.23993	9.76486
0.906152	-6.74859
-0.603417	-7.76893
1.18554	-7.03422
-0.0887879	-6.63978
4.5897	7.66665
4.99432	9.57526
1.42112	-9.25933
-2.31082	1.53852
2.18703	-7.37928
1.14813	-7.24066
5.77319	9.86469
4.30884	8.5991
5.03737	9.84362
-3.87578	0.775381
1.04723	-8.74807
-5.88379	2.55702
-5.10603	1.10218
-4.46657	1.18222
1.05987	-8.62865
4.49919	8.54453
-4.47742	2.75615
0.441883	-6.90988
-4.90548	1.15773
-5.26548	1.05517
-3.81978	1.41913
3.9236	9.59275
0.68141	-7.47579
-0.595159	-8.78073
1.47108	-6.22585
-5.10532	1.93567
4.60105	10.3565
4.15543	9.86647
-5.44013	1.98025
1.52969	-6.96771
5.04239	9.68069
1.45652	-7.22408
-3.99952	1.12471
4.18565	9.19901
-4.92966	3.31617
3.05037	-7.67588
1.58536	-8.3423
0.366183	-6.87362
4.22031	8.76696
-0.122398	-6.9928
4.23458	9.27911
-4.24951	2.88731
4.24513	7.81958
1.85567	-8.06074
3.91791	11.6086
-6.14242	2.54263
5.4667	9.90259
2.92218	-7.89054
1.76096	-8.63833
3.8209	10.8662
2.47744	9.48569
5.27432	8.23926
-5.28814	2.53146
1.42561	-7.94673
0.230936	-7.87593
2.83897	8.61742
-5.00906	2.03858
1.80509	-8.70015
-5.24728	2.08762
-4.9101	2.46168
5.77303	9.77858
-5.30504	3.17525
-6.10095	0.610175
-4.81697	3.54891
5.28338	11.403
4.88158	7.50854
2.31103	-7.60412
-5.42603	0.662707
-3.69104	0.589188
6.53015	8.46906
5.2385	10.6102
-3.77982	1.27191
-4.50782	2.02845
0.889895	-6.33219
5.28716	9.13729
5.10815	8.70691
-4.38283	1.91021
-0.392492	-9.54642
3.60564	9.81456
-3.88561	1.31001
4.30249	10.3951
0.0963811	-8.54146
1.04972	-5.82669
4.01273	8.78328
-6.96992	1.93701
0.366232	-6.47957
-0.131855	-7.71938
1.91594	-6.73672
6.76981	9.67686
4.4805	9.80467
-0.478036	-7.03978
0.978751	-8.55968
0.274166	-7.62575
-0.339361	-7.81862
0.603593	-7.87524
-0.199005	-7.91126
-4.69779	0.889555
6.13748	9.73073
-5.34494	0.543459
-4.05373	1.82073
3.79215	9.89857
-5.16218	2.72322
3.70619	9.15688
1.2643	-6.89207
-0.0823709	-8.47235
1.97795	-5.63672
-5.22613	0.06312
-5.40421	2.18042
0.0756496	-7.06579
-6.13032	2.89995
5.54592	8.35313
3.45098	8.57084
5.76818	8.72857
-5.45337	0.70222
3.78779	11.066
-3.70793	1.39606
-5.48994	4.40055
0.341382	-8.13694
4.60232	9.47303
-4.27675	3.8078
4.5488	11.3048
1.06406	-7.21971
-4.08616	2.9826
0.351354	-6.86685
-4.41657	2.0281
-0.966781	-8.16921
4.41836	9.44217
3.22228	10.0274
5.34726	8.17136
0.743342	-6.87481
3.27545	10.4176
-5.14397	1.69151
0.843165	-8.30658
1.91462	-7.39049
4.05127	9.92165
5.40289	8.87012
3.17394	9.42005
0.0961412	-8.84744
-3.92427	0.735062
-4.19379	2.38873
0.57222	-7.7036
3.38964	10.3237
-5.13323	2.60254
3.23199	10.3339
1.17326	-8.32118
-5.6123	1.31845
-4.05045	2.80237
5.57155	9.21477
-5.36192	4.06767
4.51191	8.90871
1.28103	-6.09438
0.574125	-6.03573
-3.00388	1.92651
4.37695	10.2831
4.16033	8.60331
5.48566	10.8476
0.29899	-7.07167
-4.87524	2.44977
-0.638324	-7.6098
-0.345957	-6.54218
6.3682	11.2408
2.33273	-7.68052
-4.93164	0.271895
1.7735	-7.69487
4.21673	8.02721
-3.3547	2.63428
4.34309	9.19348
6.34789	9.04281
4.85507	10.1554
-0.222402	-8.44845
4.48966	9.33082
-4.31644	2.9039
-5.88284	2.52286
3.40276	-6.12661
4.6494	9.47751
5.91422	9.63047
1.4778	-8.79008
3.08353	8.89707
-4.57655	3.1715
3.56272	8.74025
-5.64186	1.60023
-1.87865	-8.73299
-3.7407	0.964643
1.40238	-6.29651
-4.85909	3.05619
-6.41828	0.617674
1.76552	-8.55659
-4.91132	1.88533
-3.69792	1.92602
-5.9458	1.84168
0.869705	-8.17235
-0.359865	-7.90997
4.58787	11.9309
7.50117	9.10247
6.28913	9.69477
-4.54042	2.01172
0.145656	-8.65619
4.26148	8.81379
-4.9362	0.370442
5.06413	7.53625
5.2678	8.28698
0.51181	-7.56605
-6.84851	1.11883
1.11418	-6.21452
3.91323	7.79225
3.61702	8.76607
-0.790557	-7.90692
1.66162	-7.17689
5.13621	8.82028
3.89552	9.76596
2.23434	-8.26121
-5.25429	1.93137
2.22815	-7.71265
-5.02212	2.39521
5.60027	8.86978
5.13654	9.09002
-4.39895	1.98132
0.669993	-8.12052
1.75996	-8.45793
1.15292	-6.31462
-5.7236	1.36854
2.89843	-9.1224
4.57385	8.15491
1.21501	-8.99834
2.19407	-8.10623
4.93803	9.41681
-0.769804	-7.99185
1.30252	-8.49746
-3.62464	2.47814
1.61301	-8.53382
4.66497	8.1006
0.669215	-5.47783
-4.43879	2.83005
4.56121	11.6287
1.57102	-8.11551
-6.66993	5.32281
0.570189	-8.7711
0.0849363	-7.71078
4.91975	10.0124
4.60693	10.1601
4.62463	9.70877
1.57217	-6.10292
-5.9765	0.411902
5.40321	8.24708
4.58954	7.85807
2.83324	-7.23404
0.793918	-7.61949
1.01581	-7.92331
-3.64211	1.27496
-4.68091	0.841989
4.3044	10.2659
-0.562002	-7.32481
4.65999	8.98516
3.98724	7.5055
-0.392417	-6.30168
0.360005	-8.29541
0.897109	-7.81509
4.85952	8.68791
2.2458	-7.41429
2.94432	8.80725
-5.52398	2.56727
1.51032	-7.21647
4.29725	9.99139
4.64858	9.0528
-4.41936	0.673973
0.386867	-8.85182
1.06636	-10.3149
2.61119	-7.90357
0.914188	-7.15067
-4.05733	1.16459
-5.71845	2.08321
-4.36559	0.415037
6.02259	9.78396
0.19874	-8.89104
4.92071	10.178
0.383975	-9.1816
2.30345	11.0391
-0.0360677	-7.53648
3.23808	10.5047
4.66283	8.78592
1.45707	-7.98891
0.848102	-8.54344
4.64679	10.2692
4.61516	9.29768
4.91534	11.0058
5.59072	9.64736
4.84867	10.3825
-0.32236	-7.56441
-4.14946	0.887324
-4.33655	1.34782
-4.32792	1.25706
-4.66216	1.65253
0.961076	-7.70365
-4.26756	1.51232
0.461258	-5.64922
2.27247	-8.16109
-3.9407	4.04135
-0.6002	-7.85105
-0.0419063	-8.43952
3.14418	-7.79787
0.709867	-8.03846
-5.56077	2.86846
-0.939916	-9.72311
5.77125	9.09219
0.479061	-7.63974
4.87948	8.81841
-5.83519	1.66777
0.759127	-7.66122
1.27393	-6.72103
0.214694	-6.46988
-0.628041	-7.44368
2.62985	-7.5831
-4.80455	2.12211
4.74938	10.7086
1.6566	-7.02678
1.6296	-7.02366
2.55241	7.91853
-5.93761	2.021
-2.78463	1.32317
2.69771	8.1868
1.722	-7.36013
4.3022	9.76188
0.743203	-7.81348
3.78101	9.29783
1.08521	-7.36632
2.17857	-8.57062
0.64951	-7.14163
1.12265	-6.46302
-5.76564	2.12321
0.566325	-7.87247
-2.78254	1.19237
6.32131	8.17475
3.1438	8.99995
5.36535	8.25878
1.80907	-6.11433
4.84835	9.2912
5.23506	10.1454
4.25241	10.3488
-3.71399	1.93462
-4.23457	3.12031
-6.58893	1.55645
-2.90839	-0.196694
4.23295	10.0546
0.587141	-8.603
-0.695542	-9.94577
-3.90438	1.03732
5.07263	10.6869
0.305958	-6.93004
0.0864731	-7.00307
-3.09735	1.45581
2.01814	-9.33181
4.81423	7.52417
-4.68052	1.4572
5.25345	10.3883
0.491151	-7.78241
0.153202	-9.25556
-2.61107	3.25817
-3.17161	2.95395
3.95451	10.1694
2.54369	-7.28244
-4.46005	2.13499
1.76509	7.85592
-4.51902	2.46008
-0.00495374	-7.94811
4.12425	9.83304
-4.80361	0.837752
3.83787	8.31337
5.13601	9.63111
1.86769	-7.85125
1.19996	-6.76271
5.33385	9.89979
3.3825	11.331
-3.8384	2.13489
5.30872	12.3402
1.35801	-8.77492
1.22378	-7.93942
5.55207	10.0957
-4.36948	1.40284
0.173155	-7.3701
4.87564	9.62749
4.76561	7.92389
-4.25161	1.2963
3.47647	10.8916
-6.08055	0.453427
-4.6842	1.14079
-4.20922	1.2594
4.71502	9.49357
1.4404	-9.95015
1.90024	-7.07891
1.52572	-6.43946
5.13787	10.0235
0.524906	-8.25958
1.42297	-6.74033
-4.6183	2.89207
-0.650176	-9.04117
2.50111	9.06182
4.88325	8.73463
0.575959	-7.02435
-4.73845	0.291759
6.6111	9.23395
-1.10064	-7.15176
-2.89356	2.05872
1.40386	-7.99681
6.5131	9.09709
-5.53771	0.120098
-4.41514	2.10803
4.7027	9.18061
4.54575	9.2768
0.378915	-9.50706
-5.72689	2.29163
-4.66213	1.34586
1.82136	-10.7258
4.36786	10.5217
-4.50903	2.3786
6.57405	8.04971
4.6043	7.85168
2.72072	-6.22468
5.75456	9.34921
-4.8256	3.12443
1.82259	-9.95727
0.653069	-8.33887
5.0288	10.3359
6.20781	10.0723
-5.63442	2.03992
-4.5552	2.22493
1.42906	-6.9068
5.31141	9.45765
5.23816	9.70092
-6.30725	2.03599
5.10419	8.68029
-0.0864786	-7.43661
-3.5586	2.34312
4.59041	8.17022
-5.08993	3.01473
0.251854	-8.64946
-3.88486	2.79603
-6.04734	0.123659
0.982619	-7.1983
4.96994	11.021
0.379245	-5.05128
0.85797	-6.31679
-4.3958	2.44874
2.79189	-5.87851
2.55107	-8.07753
5.49198	10.7638
0.713607	-6.98033
4.61756	8.7154
2.33375	9.02132
-5.62745	3.27328
5.18191	9.90141
-5.76025	2.2995
-4.54539	1.49392
-4.47876	1.75927
3.90719	8.67053
3.79115	10.3256
-4.0482	2.62428
4.0572	8.69573
3.2557	9.58387
3.1897	8.43578
6.12996	10.6975
-3.91802	2.77651
5.24317	11.4864
-0.0503444	-7.80974
-6.05905	2.55108
1.68568	-9.42938
1.43573	-7.67582
-4.51129	0.582398
-1.57711	1.44744
1.03347	-6.15593
-5.38774	1.18572
-6.12012	1.22811
1.6108	-7.17698
5.25759	9.72503
3.40837	9.26417
-4.53491	1.72627
0.416352	-7.05118
4.58567	9.14582
3.91925	10.3681
1.18353	-7.1168
2.59875	9.29717
5.49469	8.14938
0.667184	-6.47258
1.03319	-8.22739
4.90976	9.30594
2.53424	-8.14098
-0.77718	-8.01772
-5.60481	0.932797
4.84872	10.9341
4.94302	9.22761
6.13128	8.05974
-6.60145	1.62214
-3.77057	2.00323
5.15463	9.54271
3.47004	9.37648
-2.99124	1.28216
2.32482	-8.86412
1.91354	-7.35791
0.502607	-6.31562
5.02795	8.84519
1.75322	-8.77884
-4.17259	2.73148
0.76006	-7.23775
2.74143	9.75832
4.17337	9.98848
5.08487	7.06744
-4.04326	2.38752
4.83566	10.4563
-4.66218	-0.0341256
1.72809	-6.01703
0.442325	-7.20628
-5.17784	1.14366
3.97398	10.8773
2.68063	10.9877
-4.47442	3.17849
-6.34659	1.07575
3.94473	9.9149
3.52812	7.84081
4.03194	9.34
0.706744	-8.60065
-5.32601	3.08644
4.48024	9.90279
-5.61667	0.364317
3.4222	10.149
0.825188	-9.03799
-0.897111	-7.97149
2.43426	-6.14305
-3.10375	1.00296
-4.39483	2.51682
-0.68732	-6.6538
-4.51293	1.75437
-4.99145	2.47364
-4.04367	2.74251
5.30734	11.379
-5.27824	1.78072
1.17529	-8.05446
-4.80262	0.681572
2.03493	-6.3728
-0.398521	-7.7195
4.20967	9.19705
5.70846	7.3863
4.59116	8.98433
3.35599	10.6554
-0.068301	-8.56579
4.24562	7.15615
4.84174	10.3089
0.281244	-8.50444
0.344076	-6.0276
6.03698	8.12976
-0.446151	-8.57673
4.1255	9.10184
4.44362	10.6436
-4.73763	1.83452
4.95088	7.46838
3.6714	9.11822
0.849037	-7.98658
2.73643	10.6931
4.59061	11.3998
1.64862	-8.63635
-3.50922	2.57004
-5.22968	2.73797
4.2402	9.29354
1.04446	-7.03685
5.67548	10.6272
-0.499135	-8.38669
-4.27736	2.64511
0.923972	-7.70486
4.11555	10.1728
1.40816	-7.95581
-5.52484	1.39537
4.15835	8.41949
-4.25271	1.42275
2.08257	-6.68856
2.59007	-4.96812
5.19101	8.00269
1.1956	-8.22283
2.36302	-5.7336
-6.21491	2.17978
-4.38616	0.0968343
-4.54457	1.9152
-4.84427	2.36592
2.91994	-7.19999
4.05346	8.97201
2.28925	9.4702
0.0528035	-6.5402
1.89288	-8.68299
1.61919	-5.70577
-4.48732	3.52833
-5.2552	1.82524
-4.58745	0.4291
-0.0146495	-7.86765
-5.3739	0.568023
0.562171	-7.22745
2.12704	-6.91246
1.15549	-6.38486
1.05972	-7.53386
0.734516	-8.15969
1.2745	-7.9824
-5.88008	0.994357
-3.9346	1.03968
-0.837405	-5.98883
-4.42363	2.69806
3.41839	9.08619
3.47145	10.4653
-4.59786	1.53545
-2.82306	1.83992
4.13669	10.0303
-4.25245	1.65649
1.28216	-6.7552
4.58303	11.0448
3.59164	9.20518
3.84219	9.68656
0.367417	-5.5315
3.33509	9.3803
4.41139	8.35454
1.5846	-8.04655
0.605341	-8.21509
5.611	10.3084
-5.39867	1.37062
-5.3576	2.5169
0.423419	-6.85406
-5.76716	2.06988
4.67566	8.34362
0.419663	-6.25719
-4.33022	0.603126
1.96814	-6.53865
3.36113	12.032
0.856868	-8.0221
0.435185	-7.49117
2.69078	-7.15149
5.01901	9.15142
-4.40684	1.73224
0.0344631	-6.66005
4.6321	9.71034
4.68368	8.21122
-4.68942	1.10153
-3.53717	1.41464
1.45403	-6.31699
5.0973	10.1523
-5.27074	1.16797
4.42068	8.54885
3.55585	9.09645
-3.61036	0.832487
0.750066	-6.90537
4.55893	10.555
1.73423	-6.70917
-0.0962942	-7.50882
2.36238	-7.48824
4.82583	8.77794
4.52834	9.63988
0.231174	-7.77967
0.749974	-9.01719
2.89004	-5.8781
-4.03874	3.00908
-4.88677	4.58265
5.17287	9.33428
1.10391	-7.48424
3.55602	7.16303
1.11054	-5.86051
2.21383	-7.04325
0.0882186	-6.40276
-4.19308	2.71639
-0.604416	-8.40349
1.84896	-8.20783
4.68514	10.4074
1.94463	-6.85092
5.25435	7.94858
-4.94742	0.565333
-3.42206	1.85249
-4.404	1.75138
4.34488	8.14541
0.756206	-7.45605
-4.24082	2.04093
1.26326	-8.59836
-5.7019	2.76482
-4.53349	1.57911
-0.588378	-7.12854
-0.317479	-7.34166
2.66553	-7.38835
2.73441	-7.33771
-0.560735	-8.64011
-5.21818	2.03303
2.11322	-5.38596
-5.14975	1.65004
4.64749	8.91143
1.60838	-7.10527
1.29014	-7.47367
-6.90017	3.37935
4.84279	8.82124
-4.61537	1.69689
0.134061	-7.92293
-0.85629	-8.67264
-5.12064	0.76264
5.3227	10.8509
1.42343	-6.68808
-4.09175	1.95375
-0.00756438	-8.998
-5.40141	1.62776
-4.5722	2.57868
-4.38993	3.11497
-5.16547	-0.320861
0.581253	-7.93421
-4.18152	2.41697
0.169257	-6.44738
4.39056	9.58458
4.97562	8.71086
-4.34494	1.35165
4.15626	8.69634
5.0089	9.03651
-4.18343	1.994
4.17579	9.75828
2.30851	-8.63105
-5.77838	2.44229
5.49	8.98475
-4.6187	1.97023
-3.81126	1.54696
-5.23186	1.95769
4.25667	8.23564
0.368129	-8.51191
0.38046	-6.7616
1.27254	-8.42551
-4.00761	2.13774
-5.35075	3.83902
4.9411	8.44229
1.54637	-6.08035
2.41687	-7.01803
-4.20924	0.159793
2.19314	-7.53586
0.724557	-5.97869
0.94986	-7.23343
-0.925063	-8.54819
0.0477647	-7.03777
5.87047	9.57659
5.45901	10.7619
3.52865	8.32239
-4.38647	0.793007
4.20735	8.96741
-3.40039	0.985956
-4.82036	1.61437
4.00378	8.24358
0.486067	-6.46553
-4.81055	0.540711
-4.85117	0.903325
3.257	9.34256
2.09056	-7.12559
2.95943	8.99973
-4.9564	1.64239
-5.19898	2.47885
1.3099	-8.13708
-4.94667	-0.171576
1.54206	-7.52181
4.91781	10.3214
0.444848	-7.70068
0.990278	-5.82392
3.41693	6.92143
-4.8926	1.40333
4.69113	10.5699
-0.533971	-7.18489
-6.85599	2.51985
1.50818	-7.48248
-5.80999	3.32249
-6.77425	0.619472
0.992369	-6.03221
-4.22455	1.65168
4.21838	9.58761
5.93746	10.0401
4.67967	9.42746
3.79153	7.37853
-6.30766	2.74022
4.52063	9.18196
1.49688	-9.38379
5.12657	7.07605
4.17426	8.57965
-4.96377	3.17281
6.65273	9.185
-3.54402	0.551669
2.65595	9.4185
2.10497	9.73849
-4.95459	2.34754
-5.09344	0.51837
-3.46021	2.23574
-3.83693	2.35036
-5.34554	0.155713
5.03925	9.13317
4.97788	11.1232
4.6989	9.5064
0.624518	-5.32024
-3.7052	2.77104
1.48346	-7.43781
4.16569	8.90583
4.10129	9.30771
-4.38496	1.22287
-4.82815	1.1405
-4.53692	2.54583
-4.19082	3.15885
-4.27274	0.833605
1.7633	-7.35332
1.71326	-7.1669
0.475688	-6.2895
2.12745	-8.80843
4.82901	8.83529
-3.72923	2.63445
4.79425	11.077
-2.77704	2.07686
-4.63663	3.311
4.21462	9.28793
1.72081	-6.48736
-5.62296	1.30803
0.578314	-8.05636
-6.52091	2.65262
-6.60836	1.81339
-4.714	1.72945
5.3227	12.2026
4.48122	8.10433
-5.22374	1.61272
-4.05264	0.813522
4.96705	9.40024
5.67743	11.3055
3.39788	7.98495
4.06589	11.7132
-5.54076	2.93896
4.54745	8.92111
1.80523	-8.12923
-5.31601	2.85771
-4.57999	2.85198
3.72078	12.1649
-3.93404	4.4874
-3.75018	1.3996
4.33572	9.27623
0.332047	-7.59659
1.52365	-6.6119
0.785408	-8.31756
0.377985	-5.28609
4.56061	9.93708
2.46296	-8.42129
0.60762	-8.93322
-3.90585	1.68152
-5.61788	2.25837
-5.51915	1.67614
-4.42799	1.44507
-5.37557	2.26301
0.220869	-6.97667
4.4657	9.32367
4.83872	8.1601
-5.48174	0.00174225
-4.41263	2.83771
5.07733	11.6046
-3.75346	2.59791
5.53487	10.2793
1.50727	-7.59669
-4.19405	0.141623
4.90651	8.38268
3.01244	-5.78753
-3.06518	3.29158
-4.80315	1.38333
-1.02208	-8.95035
4.7312	9.68822
0.353554	-5.8096
-3.42089	1.13458
-4.42769	2.13259
4.43226	8.95263
5.44724	11.9922
1.43195	-7.0343
0.438192	-6.26258
1.36872	-8.01486
2.12879	-8.22164
3.62061	9.37236
1.06353	-7.57811
2.93667	-6.94948
-5.42192	0.937904
-3.58768	0.283557
4.83829	8.15912
3.4232	8.01482
1.29799	-8.24184
-5.70818	2.10085
5.31257	10.11
5.8911	9.23836
-6.05331	2.25582
3.33123	10.1919
-5.56547	1.93513
-3.77909	3.40309
3.95644	10.492
4.15736	8.63451
-5.6725	1.76525
-3.88319	1.60935
1.76962	-6.85566
4.07699	9.34431
-5.38181	-0.0758324
3.43388	7.86878
4.00863	7.93118
-4.9068	1.2627
0.81086	-6.2218
0.491661	-5.91048
-5.49577	3.06343
1.14497	-7.8395
-6.90409	1.21949
-6.65144	2.77052
0.436977	-8.77606
1.69301	-8.41067
3.96163	7.99619
-3.75174	1.61398
5.12952	8.9003
-4.06582	1.86044
0.527842	-8.29585
-0.0696593	-7.10161
0.386516	-9.49694
5.41574	9.25944
-4.19225	1.5456
-4.36995	1.29718
0.35212	-8.02368
4.7747	9.8319
-5.48222	2.80368
-0.746075	-6.83171
0.496053	-6.40371
4.19646	9.34576
2.66093	-5.52542
-3.89455	1.70702
3.28079	10.4639
-5.25786	0.540568
2.09606	-6.49592
-5.18571	1.69057
3.89262	7.16715
-3.63487	1.28229
-6.06143	0.922666
0.85701	-6.62266
5.46944	7.97237
-4.2219	1.39369
0.329248	-6.7917
1.20257	-8.87455
3.29559	8.30053
5.06612	8.43873
3.56591	11.451
2.04881	-8.80847
-4.03597	2.7006
-3.03874	0.179584
-5.14548	1.15879
4.03138	9.29875
-3.73402	1.24632
4.86315	9.36711
6.14777	7.65428
6.22239	9.76207
1.57119	-6.98927
-3.8519	3.22527
4.99971	9.76156
1.81597	-8.49951
4.36741	9.8009
4.30955	6.84457
-4.26548	2.03897
1.80791	-8.4215
4.87747	10.7159
-4.06392	0.566677
2.1176	-7.7195
0.0380294	-5.81177
-3.64455	2.36162
5.16366	10.11
0.483353	-8.49419
5.00129	8.64464
0.263094	-7.88189
1.75658	-7.7565
-5.70356	0.0242762
6.26053	9.74413
-4.38959	4.11655
5.81273	8.94314
5.08917	8.95457
3.6037	7.97377
-2.7146	2.83088
-3.96938	1.80321
-5.39495	1.70488
3.57237	8.66755
1.05989	-7.72945
-5.69462	2.41382
-4.5946	2.08186
0.000833048	-7.55414
1.45229	-4.5883
1.6742	-8.53815
-4.56341	1.26397
-4.54147	3.06464
0.770366	-7.87418
-5.61451	2.1351
0.169902	-8.30768
-4.89958	2.00849
5.45056	10.9001
5.27264	9.50702
-4.69401	1.822
2.31661	-8.29292
-6.06024	2.72944
5.72721	8.9431
6.29111	7.65026
0.724889	-6.89895
-2.08161	1.41708
3.29795	8.51417
1.38425	-7.85367
4.70918	9.89542
1.35549	-8.96174
-3.97092	2.14089
5.35409	9.36005
-5.42658	2.32035
3.04856	-7.32838
-4.11087	2.10902
-3.07904	3.19208
4.01849	10.5028
1.3978	-7.61099
0.770488	-8.67991
0.510025	-6.88016
4.27556	9.15576
1.46368	-6.70753
3.22426	10.3706
2.66872	8.68552
3.94121	11.2223
4.53664	8.6721
-5.75779	2.41037
0.282495	-6.237
-5.27532	2.25789
-5.91226	0.541621
-2.7083	0.791044
-4.68769	1.89261
0.300113	-7.27024
5.00336	8.43435
-5.7174	-0.314842
4.1658	8.59765
3.32379	-7.20815
3.73217	8.40892
0.565434	-7.95439
1.84724	-9.78881
-3.93825	1.38835
5.06885	7.57752
2.87695	8.24974
-4.57562	2.12298
-0.0360147	-6.32489
3.29246	9.11038
-3.63702	2.84632
1.9972	-7.39427
1.36297	-7.01437
3.38828	10.0282
0.412234	-8.57236
6.62373	8.54622
4.05678	8.98412
-4.57793	2.01703
-5.28608	0.590629
3.47332	9.2253
4.58129	10.6044
-5.78815	3.69355
4.6242	7.74741
-6.92137	4.29926
5.22151	8.85147
6.19983	7.48813
1.76794	-8.64934
-3.86417	2.11706
-4.42049	3.12996
5.51046	10.0501
-6.49774	1.56112
0.24389	-6.29137
-4.20148	0.324722
4.91322	8.2437
2.02074	-8.49499
-0.494282	-7.84265
5.76355	8.96772
-5.33702	1.3046
-5.02087	3.23803
5.22781	8.77906
-4.61056	2.16954
5.11313	10.0714
-3.7942	3.59033
2.49197	-7.56002
4.99157	10.2015
-5.35243	0.716689
5.06501	9.03523
0.43736	-7.55501
4.60485	9.41278
2.26715	-6.38381
1.87966	-7.17001
4.30755	8.46583
5.98804	9.04427
-3.54012	2.64976
-4.25149	1.94447
1.43608	-5.73794
4.76448	10.3816
0.722389	-7.96881
-4.89948	2.23388
3.8377	7.86984
-6.73457	3.27228
0.840588	-8.36377
-3.75307	2.82639
-0.226956	-7.006
-4.1559	0.440487
1.73509	-6.28007
3.80578	8.20709
-3.88634	1.03133
6.45409	9.79304
4.71047	8.8837
-0.557977	-7.54781
1.06139	-7.80324
3.13228	9.01781
5.9944	9.22656
-0.0193015	-7.06611
-3.37056	-0.663734
5.24951	8.47853
-3.73366	1.88566
5.00373	9.13733
4.63799	10.4753
-3.4253	1.00393
5.21731	9.45862
4.7899	9.23943
-1.33182	-6.26188
-6.26405	2.20063
4.82962	9.70756
-4.90757	0.956782
1.82115	-5.34914
3.97138	8.39346
-3.95556	2.33022
5.03105	8.71831
3.05882	10.544
5.13334	8.64325
5.44143	10.2678
1.92277	-7.07415
-4.35838	3.90061
4.28111	9.1931
-3.60706	1.09211
0.87067	-7.38467
4.95166	9.23565
0.373126	-8.91115
-4.23536	-0.641424
-3.35539	-0.862086
-0.240716	-7.00513
5.81931	9.87319
1.4005	-7.40857
2.26022	-7.63495
4.39437	10.9558
5.92153	10.291
-6.17836	3.16897
-1.20923	-5.91206
5.13987	9.12702
-4.56567	1.75948
4.8096	10.4621
3.38484	8.37814
4.68336	9.49784
-3.91529	3.25948
1.00052	-5.68304
-4.92799	2.48807
1.57706	-5.83843
-2.39868	0.256163
-3.17666	2.58964
3.49348	9.23124
-5.6914	3.30579
0.855508	-8.22167
5.79086	8.58939
-4.29374	2.90122
4.98884	8.75438
1.02186	-6.12828
5.45948	9.35999
-4.72487	0.98796
1.50819	-5.70624
1.20287	-7.30974
-4.33002	2.26482
5.55317	9.51461
7.85821	8.74709
-3.3044	2.47225
-4.40825	1.13817
-3.05983	3.48469
3.9312	8.24938
4.6328	8.43259
6.26226	7.80284
2.30214	-9.04702
-6.46344	1.51378
-3.83692	1.88573
6.02435	11.3304
2.09471	-7.8518
3.96349	8.26844
0.707924	-7.82151
-6.10364	2.92511
3.81935	-7.07093
1.62527	-6.4191
-3.96233	1.77556
-2.60725	2.31534
1.65304	-6.76428
1.57144	-7.37852
6.2243	9.57925
1.08979	-6.96107
-4.64889	2.70208
0.619026	-6.89725
-3.79972	2.88712
-0.102236	-7.63575
2.90009	8.29269
0.463959	-9.09042
-2.93968	1.80934
-6.46003	3.44356
-3.11409	3.47764
0.903143	-8.13941
0.949752	-7.66491
-3.44363	3.25022
2.79555	11.2117
0.277709	-8.19917
1.43258	-6.8204
1.73368	-6.80017
0.452375	-7.00431
-4.12507	1.17429
0.965899	-7.62263
3.96373	8.999
-4.02664	1.69254
-3.30662	2.00567
4.1623	9.95686
-5.05108	1.13278
4.06484	8.71142
2.96217	9.10759
-4.67622	0.844832
0.287303	-7.71906
3.79286	9.25298
-3.06927	-0.176551
2.41237	-7.52653
2.25718	-8.31018
3.48569	8.72986
-5.02819	1.7966
4.61281	8.90775
-4.05697	0.92264
4.84649	7.1675
0.807104	-7.75517
5.39103	8.84409
4.26097	8.9493
-0.172537	-7.20488
1.71974	-7.02511
4.42622	7.01264
1.67759	-6.41016
-4.32009	1.44889
0.820545	-8.41541
4.93284	8.58086
1.25298	-7.08866
5.16107	9.11412
-5.01796	1.1824
0.499764	-6.45435
-4.93962	2.77545
1.13667	-8.22919
6.00644	9.20387
-6.01815	-0.220224
1.77894	-6.75806
4.74749	9.23991
1.14779	-6.26913
-5.38917	0.583294
2.72285	8.7701
0.817573	-7.95159
3.94701	8.25908
-4.66948	0.586826
1.43065	-8.01864
-2.96798	2.68311
-6.63488	0.850085
5.04969	8.2838
0.596745	-7.90003
0.425484	-8.14489
2.78908	-8.51814
-3.46481	0.843305
3.62798	9.46768
-6.54191	0.400567
1.2294	-8.46973
0.850142	-8.13618
-5.01247	3.65252
3.59423	10.5326
3.09027	10.6481
3.62211	11.0512
5.45457	9.09082
4.44809	8.19152
4.61578	7.66859
1.1177	-7.03193
-4.50845	2.99345
2.80288	-7.61951
-6.64372	0.847681
1.87563	-7.16999
4.56188	9.3129
0.277337	-6.22505
3.20903	10.0666
1.59482	-5.54815
5.704	11.3861
-4.62219	2.12028
-3.6129	1.33455
0.495898	-7.03068
3.02732	-7.36058
-3.89403	1.49621
5.37994	8.91438
-5.1044	0.783524
1.42517	-7.85524
4.8565	10.0787
2.15964	-6.14916
-5.76342	0.0502522
-4.23127	1.01992
1.7124	-7.82225
-5.75902	2.68852
-4.56446	0.431738
-3.77753	1.29758
5.43691	10.5458
-1.44326	1.16998
-3.72121	1.30587
2.27825	10.259
6.02547	9.1415
-3.61423	2.74785
1.07502	-6.98228
5.34508	9.56333
5.26401	10.0888
4.67081	8.71049
-4.06135	3.02504
-0.392465	-6.62619
-3.00976	-0.746269
-4.61833	0.723882
-4.449	2.21319
-4.23828	0.587126
-5.20822	1.20475
-0.968286	-7.90841
-3.29151	1.96814
4.99308	8.30204
-0.0655957	-7.76561
1.54495	-7.57566
-3.75658	0.0482737
3.64907	11.0826
1.1325	-9.65594
4.65672	9.42701
0.896037	-6.16496
-5.84108	0.133727
-4.73098	3.79219
1.71275	-9.08866
4.35229	9.1547
3.69594	8.35754
-3.96446	-0.0172592
-3.82338	1.80604
0.178597	-7.59978
1.76315	-6.49321
-0.817204	-7.67004
-5.08192	1.34516
-5.32369	0.188903
-0.132455	-6.98426
1.77716	-7.49759
4.2246	10.6466
4.64872	11.0123
-3.30187	3.96359
5.8866	9.55097
4.08999	8.89044
-4.04574	1.12628
-5.37556	-0.849221
-2.5998	2.46967
0.767906	-6.8169
-4.02798	2.93816
2.47294	-7.33331
0.485407	-6.23891
-5.95261	0.677796
-4.42847	2.38873
3.08282	-8.33465
3.95598	8.20251
4.94975	10.0612
-4.08028	2.9053
4.40476	10.9768
6.89828	11.1851
-0.0245886	-7.72926
3.86373	9.35572
0.928398	-8.26049
-4.85634	1.76799
-4.10595	1.44207
2.17269	-8.32527
0.806432	-7.45123
-4.63352	1.78504
5.33355	8.72554
0.897519	-6.98089
5.09962	11.192
-0.710375	-7.91387
0.0845409	-9.16892
4.59177	9.32874
4.57317	8.88834
2.47813	-7.71716
-4.91051	3.60841
-4.81052	3.77719
1.95577	-6.58325
1.63404	-9.01534
5.37545	10.0966
-0.519596	-6.44797
3.32278	9.71908
-5.96136	1.74034
4.20037	7.45961
-3.31263	2.78883
3.73794	10.1615
-3.8656	0.858431
-4.51117	0.272264
1.26202	-5.8832
4.68338	7.15416
0.385341	-8.2027
-0.00862071	-6.45858
-4.43088	1.08979
4.59118	11.756
1.96183	-8.63013
0.356432	-6.38926
1.19264	-6.08936
0.863759	-8.42187
0.686184	-5.99736
0.251494	-8.52782
-0.318439	-6.76578
-5.16673	1.11176
-6.18987	0.506658
4.12764	10.2191
4.4066	10.2434
0.795688	-7.38364
1.2006	-6.57204
1.58647	-7.04278
4.53126	10.9885
0.5782	-7.01774
1.65361	-6.8778
-0.0791808	-8.58304
0.531069	-6.20479
4.54666	9.28142
0.375614	-6.47741
-4.16001	2.36341
1.04546	-8.68594
4.99566	11.1389
0.651489	-7.65414
-3.70879	1.12724
-4.55685	2.72541
5.26568	9.30446
-4.17723	1.77523
1.1238	-6.27779
3.26584	9.24371
4.07093	10.4452
4.18302	9.38044
0.677035	-7.01065
4.64417	8.19599
-4.85313	2.14528
2.1966	-7.00938
2.5254	-7.98265
5.64825	8.53719
-4.48822	1.30945
-7.14144	0.294471
4.87008	8.72809
-3.41085	1.50377
-6.43872	1.74565
-3.08966	2.23238
-5.31468	3.01292
3.8398	9.17107
-4.16538	1.17556
2.8265	9.2826
4.59023	9.61577
1.14002	-6.32118
4.92173	9.75027
-4.32656	3.60711
6.12372	9.12283
1.52919	-6.81763
1.45221	-8.62473
4.17156	8.97705
-4.43575	0.988966
-4.21352	2.70589
4.80387	9.13521
3.98127	9.72217
4.3764	9.90192
-1.31335	-7.7379
4.72569	9.70047
-5.85768	1.89616
-4.00827	3.157
2.59057	10.2677
2.30913	11.6129
5.47691	9.43663
5.18903	9.07247
-4.99676	2.32912
0.109328	-8.99993
5.29045	10.0474
5.48578	10.351
5.35504	9.96918
-5.00932	1.06894
3.03211	10.5656
3.28657	10.6531
-2.52493	2.14883
-0.329522	-7.71817
1.86391	-7.78039
-4.64844	0.877865
4.36075	9.56793
3.04713	8.11324
3.15688	-9.88007
3.84234	11.7552
1.99175	-8.85701
2.01503	-7.45205
3.04288	8.94757
0.866098	-6.71873
5.70784	8.06289
3.20109	9.5641
5.73655	10.9558
1.05824	-8.23609
0.168578	-7.27591
-2.89647	3.10686
-3.44872	2.28959
1.25677	-7.19178
1.09176	-8.35964
-6.02087	1.77546
4.3886	10.7877
-1.6509	-7.29697
4.99462	9.5164
-5.09402	1.51448
1.48022	-7.86028
-1.02156	-7.68463
1.75038	-7.97844
2.07505	-7.84996
2.30967	-7.06091
1.54566	-7.05656
5.8588	9.42587
-0.243029	-6.07925
0.549943	-9.38982
6.37887	10.1357
2.8393	10.2847
4.65173	10.3651
4.61848	10.103
4.4641	8.37618
0.207374	-7.92186
3.36795	9.86954
1.84838	-7.04582
4.73981	9.03497
-3.98452	0.353369
4.49716	6.48254
6.77388	7.46872
-4.94303	-0.391925
5.12534	8.59995
-3.85909	0.296328
-5.7335	3.23064
4.32627	9.05989
-4.95433	2.72717
1.97013	-6.1175
-0.40641	-8.36217
1.05729	-9.51766
-3.54146	2.19277
-3.90557	2.47842
-5.66279	0.835114
4.75098	7.96994
2.01912	-5.70373
5.13951	9.0903
-5.30124	1.00709
2.45672	9.99866
2.1968	-7.42591
2.19216	-8.7352
5.36786	11.506
3.88638	11.0714
5.97018	9.4872
0.777766	-5.50065
-4.11753	2.17857
1.25513	-7.74735
0.3272	-6.94283
1.03095	-7.46148
-5.74177	1.60278
-4.5329	0.530147
-5.00058	2.16408
4.17037	8.88491
3.739	9.95061
-3.48218	0.918275
-0.125509	-5.71535
3.38805	9.10197
-0.761519	-7.22672
-4.44888	1.71891
-4.23659	-0.27726
1.53924	-7.45438
4.88907	7.81775
4.9546	8.39875
2.56659	-6.90003
-2.27897	1.80475
1.53961	-5.91542
3.68716	7.95443
0.19045	-7.39316
5.20513	10.1134
1.80438	-9.67415
-4.45198	0.380476
1.96232	-6.8225
5.99553	9.90965
3.1711	8.27505
-5.66793	2.10769
-4.37333	3.37903
-4.87792	2.11978
6.85628	9.09237
-4.22065	3.25537
4.23129	-5.91819
-5.38993	2.79718
-4.44825	0.564316
2.52148	-7.19923
-4.48414	0.412112
-5.47059	1.41167
-4.40711	1.43854
3.84925	8.22298
-4.20757	0.904811
-5.27106	-0.0127054
5.50509	9.55542
1.74642	-8.43541
4.17369	8.89507
-5.28163	3.33684
-0.58989	-7.05364
-6.37124	2.24181
4.51644	9.99112
-3.63592	1.98662
3.94823	7.69595
0.516718	-8.55107
-3.60414	2.35927
1.53013	-8.25703
1.72103	-7.17636
3.01304	10.3229
4.9916	9.60924
0.289902	-7.57918
-4.19741	2.41572
-7.34304	3.97672
0.683189	-5.71752
-4.13331	1.18727
-3.77374	1.6641
-3.85419	1.419
0.99907	-8.58592
4.55462	9.40722
1.94695	-7.75025
4.52776	7.98628
-4.38687	2.64875
3.25032	8.43796
-0.75289	-8.39615
-4.95576	2.04985
-5.58751	2.14064
-4.11715	3.01749
0.638853	-7.17935
2.53216	-9.09763
-5.95733	0.433997
-5.61577	3.26465
1.03042	-8.56714
0.0417669	-7.47603
-4.64929	2.73003
4.20835	10.5524
-3.72941	2.30357
-6.48504	0.994412
3.02003	-7.75813
3.96528	9.22829
-4.64782	1.99405
-2.21942	-0.0464102
5.95661	11.2024
6.17558	9.04619
5.22756	8.13146
5.06442	9.49237
3.29011	9.17308
0.498271	-6.70175
5.39685	8.78192
5.28111	9.93262
0.382175	-7.50723
5.05755	9.89276
-4.64089	0.773464
5.17519	7.96286
2.49995	-8.28718
1.53715	-8.10528
0.153608	-8.96534
0.414862	-6.56743
-0.0452782	-8.00536
1.30256	-8.28304
0.854981	-9.89531
-4.57787	1.8317
0.226232	-7.88522
-5.18946	3.04939
-6.10955	1.07438
5.76112	9.12291
-2.93548	2.03546
-4.53539	2.9389
3.80239	8.18119
-3.06186	2.04837
5.48958	6.73433
1.88412	-6.06733
-4.8293	1.52712
5.51826	9.45357
4.21958	9.64687
6.03701	10.1604
4.46387	9.06962
-5.76747	0.673747
-4.61214	2.34163
-4.19448	1.10332
-5.57053	0.831059
-0.351054	-5.5649
-4.32539	1.03241
-5.38677	1.99483
-4.29848	2.34689
2.61542	-6.87836
-4.74651	1.96067
-6.19744	2.40223
-4.23266	1.21865
1.99941	-7.40689
-5.47652	3.07765
2.91391	9.06846
2.89525	9.54148
4.22948	9.58308
-1.9719	0.0902506
2.49627	-7.2883
-0.550735	-7.27787
-5.89812	2.19937
1.9465	-7.3411
-5.18753	-0.198325
4.17242	10.6596
-4.72154	-8.56122e-06
6.33694	11.4317
4.29316	9.32066
-5.02416	1.58434
0.313118	-7.40467
0.393249	-7.24064
-5.14272	1.97347
4.14369	8.24831
4.88712	9.00647
-0.938352	-7.50059
-5.26012	0.339097
-3.96214	2.74405
-3.45536	2.36365
5.17596	8.76428
2.30705	-6.69007
5.37971	9.97964
-4.83235	1.24254
-3.87871	2.34733
2.48349	-7.33898
-0.223891	-8.67256
3.14967	9.07286
1.56887	-6.61273
1.58811	-7.78055
0.474672	-6.81326
-5.74934	2.34782
3.65917	11.5547
-4.6976	2.39966
0.0262347	-6.57445
1.94709	-7.36321
-3.14936	2.51032
3.73323	7.66217
-4.26397	3.16802
-3.52218	1.46558
4.82443	7.93213
-3.09863	1.95317
-3.14332	1.56418
-3.78665	2.2452
-4.51177	1.49167
3.10451	-7.72592
1.66565	-6.98816
3.15109	8.77983
-4.95369	0.717199
6.81597	9.23336
2.57674	-7.74896
-0.143173	-6.95316
-4.45706	0.530196
3.18379	8.22499
3.70974	10.02
-0.26475	-6.84736
4.55341	9.525
3.79115	9.03117
-4.70663	1.97496
2.75979	10.1606
1.76025	-6.41891
2.73853	-9.264
4.65126	9.39355
3.15205	8.06794
-5.28476	2.7045
3.76011	9.66429
0.713707	-8.81928
-3.68328	2.39511
5.27781	8.65727
3.10436	9.42541
5.04059	7.76364
-0.595952	-8.00352
4.63897	8.10225
-4.42961	2.7328
-4.58194	3.33874
0.750737	-7.10252
-5.65361	2.02508
-0.112038	-8.10755
-5.89225	3.81008
4.5416	9.3111
5.67989	9.60904
-3.68481	1.74401
4.62707	10.6624
4.07629	8.84327
1.68192	-6.80453
-3.59259	1.79303
4.93446	9.38772
-5.26333	-0.216397
4.18449	9.3522
-4.92737	-0.607905
4.11463	8.01456
3.65299	9.36732
3.60217	9.64021
-4.0316	4.94434
0.982961	-7.72521
0.550339	-6.10876
1.1358	-6.28216
-5.91984	3.31925
4.02095	7.00392
3.27561	7.70918
-4.68626	1.81902
-4.89324	0.751601
4.21253	9.1283
5.37321	7.03859
3.9569	7.1707
-3.643	2.48194
-0.44774	-5.63216
0.354551	-6.29667
-4.64346	1.06174
4.69598	10.2651
5.70583	9.97771
0.0636401	-7.03243
2.99424	10.574
-0.416209	-6.92527
-3.87919	3.40774
0.415241	-5.54844
4.65697	7.93263
2.25054	8.01155
2.86231	-7.74705
0.616408	-6.63903
1.2881	-6.70391
5.49834	9.37696
-3.57445	0.91565
3.42544	7.8683
6.6222	8.45588
-1.03654	-6.12635
5.0096	9.60411
6.03598	8.54164
-2.46964	2.89251
4.6255	8.6183
3.06889	9.29598
3.77359	8.78271
5.78873	10.6674
5.75693	9.04198
5.24988	10.2838
1.57971	-9.43826
-3.8287	1.94394
1.244	-8.10948
4.15116	10.5384
1.89897	-6.838
-4.04438	3.75714
-5.49973	0.991709
4.81314	8.20753
6.76252	10.2468
3.9575	10.4217
-2.41198	1.5735
4.1726	7.81399
-3.7858	0.703004
-4.46021	1.10457
3.0074	-6.65705
0.504799	-6.48189
5.22154	8.60704
1.11706	-8.04545
-3.56122	1.11367
-4.69853	2.0087
3.32154	10.0216
0.540956	-9.53832
5.52261	8.73919
0.383265	-6.60941
-5.37214	3.30825
-5.03523	2.80934
-4.34307	1.74187
-3.28714	2.87797
4.76708	10.7745
5.64481	9.78671
3.03812	8.46486
0.852833	-6.70365
4.78232	9.49683
1.76278	9.7155
1.80252	-5.68135
5.64602	8.36382
4.48059	7.4645
-4.33597	1.44585
4.03029	7.3816
2.38319	-9.09682
-0.422721	-6.5925
5.93736	7.23233
4.12201	10.1413
-5.96382	2.13106
-4.05299	1.92234
-5.1589	0.587832
3.7599	11.1554
0.735736	-7.77844
-5.08738	1.84055
-4.06593	3.22993
2.93972	-8.18009
-3.64627	0.4444
1.24871	-7.87591
0.799986	-7.98369
-2.64741	1.28691
5.27974	8.57786
5.15864	7.93992
2.1037	-8.05057
3.14577	8.77774
-5.89771	2.02076
-0.244564	-9.91505
4.79222	8.41426
3.60031	9.73682
-4.05546	0.58915
-3.12038	2.30126
3.71385	9.6186
4.50186	9.65223
5.63208	8.56765
4.78979	8.51906
5.04757	11.3524
2.04818	-6.53662
-4.67938	1.84358
5.15336	9.42172
4.61122	9.67814
0.627366	-8.39932
-3.53504	0.707062
3.00035	-7.78935
4.53477	8.92581
1.76299	-7.59347
1.4249	-7.21027
-4.66557	3.00692
-4.22332	1.9517
-4.59121	1.42393
5.56317	8.945
0.882562	-6.47778
1.57771	-9.36915
3.49721	10.8471
0.595003	-6.29375
-6.48895	3.57542
4.45213	8.94969
0.171708	-7.00712
4.07836	8.88007
4.62011	7.99245
0.351504	-8.62461
2.67875	-7.51417
4.40568	11.0451
5.29369	10.0298
2.43555	-7.90931
-3.95587	0.786442
4.47485	9.21008
5.54713	8.13403
5.48624	8.84114
0.252685	-7.73118
-4.61571	3.55598
3.73407	10.2016
4.37451	9.26163
2.17017	-7.76839
5.41878	8.93507
5.40128	9.88963
4.05968	9.17527
-1.0761	-6.9789
-4.93018	0.194742
2.02299	-4.36645
4.44188	9.97287
4.48434	8.05643
2.14954	-9.70393
0.338079	-8.68809
0.832173	-7.40045
-6.85765	2.8839
5.591	7.976
-5.52232	1.15373
-0.660023	-7.67318
-5.2333	2.03528
-5.25014	2.41485
1.54733	-8.44153
5.12642	8.25119
-6.29113	1.14772
-5.04553	0.137561
3.30285	8.95566
5.21222	10.5416
-4.26257	1.13732
5.04593	8.40747
3.51413	9.10046
4.63383	9.37084
-3.40895	1.83496
0.276416	-8.12942
2.77434	10.6078
-3.00213	2.94615
-4.42835	1.42754
4.59708	9.28331
0.541816	-8.13862
-4.71182	2.35974
-4.69586	0.740396
4.12354	9.72274
1.54655	-8.40151
0.681962	-6.30437
-4.09662	1.95429
4.28475	10.2069
-5.38398	2.65093
1.58364	-7.16034
-4.56386	1.85281
4.1691	9.57925
-6.05167	2.59099
6.30084	9.64077
4.40823	9.52
5.04562	7.36656
4.96887	10.2954
3.27193	9.3843
3.88108	8.08922
5.20467	10.5603
2.63802	9.12987
-5.40378	3.91654
-4.70943	1.91175
4.65521	10.1897
-2.75181	1.75007
-4.52858	1.63788
2.41892	8.97273
-3.63236	3.12071
1.40208	-7.53253
1.48778	-7.40325
-1.51048	-6.39861
-4.76037	3.27107
5.40107	9.494
4.22131	8.96881
-3.29153	1.62075
3.64767	7.13464
6.07054	8.03128
-4.9719	0.207995
5.19142	8.92351
-0.401995	-6.88555
7.25991	10.0723
1.21472	-8.62039
1.04107	-7.47086
0.964878	-8.84712
-4.17486	0.372982
0.570095	-9.27609
2.17028	-7.24957
4.69077	8.16456
-6.21874	0.621919
-6.02972	3.08354
1.91895	9.56511
-3.92546	3.08297
-4.74087	2.37815
3.307	9.68138
0.585194	-8.33432
-6.84965	2.20458
1.93539	-6.96989
-5.27957	1.19128
5.3143	8.57293
2.99752	7.87094
-4.24801	0.767048
-5.42097	2.71994
-4.94241	0.618453
4.52844	8.2892
5.61952	7.98008
2.46925	-9.26815
4.6338	9.87924
-4.07354	1.23968
0.890474	-9.52484
-3.78802	2.91475
-3.90299	2.78009
-5.65111	2.14394
-0.207384	-8.63781
5.13199	8.7787
3.86731	8.60676
-4.0393	2.38446
3.78034	7.86294
3.89266	9.93432
1.26256	-8.13224
4.40703	8.81792
-3.78095	0.291809
4.41064	9.25612
0.510226	-7.8249
1.26826	-8.42546
2.04766	-7.73269
0.633061	-7.07582
-8.15103	1.60106
3.54359	7.89895
-4.98573	2.45225
5.68703	8.59537
2.62691	-8.42342
4.82455	9.21202
0.419972	-5.42695
3.33218	10.485
-4.00887	0.641118
-4.20177	-0.543891
-4.09861	0.807609
1.3548	-6.84044
-4.90294	0.0780677
-4.21168	2.5481
-4.1366	2.04892
-4.21175	0.694136
-6.25154	1.599
-6.0088	1.31548
4.50279	9.73917
-3.98652	1.99122
0.52067	-6.69712
4.81319	10.3018
0.037761	-7.02412
4.22939	11.1874
0.944023	-6.75443
2.05722	-8.21655
0.587853	-6.57021
0.514726	-7.75684
5.25498	9.79763
-4.97082	2.4021
4.59674	8.3803
0.805911	-7.65139
1.909	-7.79255
4.88476	9.98849
0.0674294	-8.8607
0.778495	-8.63386
4.93128	7.64143
0.606856	-7.93115
0.596525	-6.89829
1.40672	-6.91101
-4.42341	2.19065
2.22463	-8.01333
1.11624	-8.63207
4.45681	8.19802
2.27641	-8.33076
4.82731	9.92491
4.03698	9.5457
0.347322	-7.68684
3.96638	10.491
-5.94865	2.83474
-3.98248	2.06096
-5.30526	2.44254
4.13499	8.95915
1.75602	-7.21172
-4.09923	1.73657
-6.29469	2.62541
-5.60182	2.77167
-0.77647	-9.46952
-5.59512	2.62602
1.71364	-9.2056
5.1372	10.4124
3.52641	9.27997
3.35493	10.14
-5.38193	1.45845
-5.59046	-0.604436
-3.20737	2.28608
-4.89804	3.54726
1.24848	-7.49104
4.74531	7.2328
-4.34067	1.35835
-3.81581	2.00604
1.24352	-6.18173
1.69887	-8.3154
-4.59624	0.722447
-4.17956	3.51562
-4.5786	1.83229
-6.35033	1.21491
1.58619	-9.43147
-5.41698	1.82251
1.8815	-7.2511
4.51484	11.1343
-5.12824	1.07066
-4.57599	1.95017
-5.08588	0.790337
3.48146	-9.2114
-4.969	1.20533
-5.25371	1.91513
6.02879	9.55017
2.51758	-7.65304
-2.7344	0.795585
-1.13882	-7.99232
-4.02979	1.75293
2.338	-8.69994
-3.31278	1.61252
-4.30544	1.14387
1.29075	-5.76972
4.96198	9.37401
0.902262	-8.56694
1.84575	-6.2871
4.21549	11.3436
-4.20037	1.72458
-0.164801	-5.93209
-4.85753	3.06125
0.750133	-7.39107
1.40821	-6.25252
4.61016	10.8907
4.08709	8.88932
1.75335	-4.84151
1.05288	-8.23386
-4.37443	1.59832
4.14181	9.24972
4.24035	8.43211
2.16792	-6.75422
-4.79678	0.547543
5.70128	8.47552
2.37312	-6.43293
1.97579	-8.87859
0.37948	-8.43786
0.147038	-7.76082
1.66774	-7.24387
-0.158781	-6.83488
6.33174	8.14626
5.92507	8.72049
0.857588	-6.85095
1.8013	-8.49003
-4.45927	1.6075
2.04422	-5.9521
0.0764854	-6.83534
-4.07745	3.16006
0.766475	-8.26748
-3.72992	4.73567
-4.465	2.23602
0.243673	-8.01783
3.79964	10.0996
4.5908	8.45872
3.50729	9.2401
2.27322	-7.31409
-0.466081	-8.66711
4.58052	9.83521
1.38277	-8.80599
4.25971	9.21977
1.7824	-7.29815
2.55742	8.31563
-5.68367	1.84799
3.16515	9.85653
0.49917	-8.08848
3.04835	-5.99767
-4.1701	1.36181
5.9816	8.25822
2.49974	-6.93994
4.19457	8.25122
0.487187	-8.77827
4.76781	7.99898
-1.79934	-7.3163
3.89282	9.68786
2.45494	-6.32454
0.89041	-7.47361
2.98151	9.48655
2.77928	10.8198
2.97432	9.34594
2.05167	-7.31306
-3.90621	1.20234
-5.86484	1.52599
5.09123	8.72836
-5.25166	-0.259338
-5.47285	0.108787
-4.9627	2.37823
-5.13952	0.554914
0.829182	-7.46301
-6.00266	3.39091
3.98248	10.3722
4.91043	7.39147
3.78038	10.5644
6.86572	9.35114
5.26689	10.194
-3.77715	3.15151
-4.88131	1.9955
5.73858	10.0909
4.68425	9.72479
5.45462	7.56313
0.75289	-8.73247
3.85265	9.17152
4.42335	9.0429
-4.85776	3.16663
4.90151	9.78097
3.03779	9.69582
-3.7384	2.34831
2.02136	-7.31387
-4.87065	2.06597
-6.17924	1.59355
2.90937	8.27887
-0.187297	-7.95095
-3.12353	2.13108
4.2111	11.7892
-3.16791	1.8413
3.6404	9.74327
-3.66405	2.40618
1.5217	-7.32774
2.52903	-7.42904
2.43927	-7.9139
3.60171	9.26527
0.0535624	-7.24497
0.901005	-6.60715
1.23207	-8.37657
1.82648	-5.89438
-5.53086	1.14643
-0.881718	-8.77429
2.20148	10.0894
3.69354	9.31405
3.2331	7.82497
3.85871	8.81748
5.58261	9.6195
5.0194	10.6902
-3.6691	2.8583
3.71223	11.3265
-5.88898	1.45027
5.49545	8.74458
-6.47628	3.47401
0.0592374	-8.00024
-3.59874	1.21716
-4.0472	0.526509
-4.42067	1.89517
4.69461	5.74727
-4.36149	1.08367
5.00193	9.36397
1.27554	-6.93405
5.31268	10.3301
-6.25755	2.54989
-4.23045	1.07436
-6.1747	1.69838
4.99141	7.76514
2.50565	9.60288
0.213046	-7.8982
-0.76652	-7.93828
0.212921	-6.77442
-5.56586	0.0323096
1.60126	-7.7642
2.43242	10.2305