5.81527	-0.919355
4.28965	-6.2565
-2.36419	-7.67897
3.65637	-5.97416
4.11409	-6.24206
6.10807	-1.00697
-6.01109	-11.0824
4.96102	-6.66548
4.32484	-5.96847
5.48913	0.757551
4.53153	-5.64659
3.78604	-6.14815
-2.67736	-11.2416
5.25694	-1.43002
-9.66914	-7.22785
-6.9992	-3.55939
-6.77058	-8.79751
5.90635	0.277075
4.33936	-6.51502
-10.9729	-10.5736
7.91299	-0.483429
-1.82866	-11.5019
4.20402	-6.03255
5.34377	-5.72742
6.55124	-0.540521
4.68203	-6.52937
8.50507	-1.28133
4.5096	-6.99071
5.71031	-6.93754
8.33771	-0.43476
-2.14398	-7.51576
4.91848	-0.546904
-3.07092	-10.0463
2.42866	-6.5591
4.69949	-5.9348
6.99658	-1.0036
3.3551	-6.5566
6.17789	1.07574
3.44474	-6.56547
-3.46891	-10.2423
-7.18638	-11.17
3.3009	-6.03709
3.75206	-6.43515
6.81669	-1.03295
4.7952	-6.34861
6.58969	-0.199507
-3.69296	-9.12409
-3.33584	-10.694
4.53225	-5.7992
-6.65626	-10.5669
-7.01079	-7.1444
5.38539	-2.37894
7.5367	-1.96795
6.17367	-0.224233
3.97913	-5.91132
3.7053	-6.85041
-5.85254	-10.4123
5.66443	1.21776
-5.66432	-8.5187
-4.32733	-9.30514
7.38041	-1.26983
-5.48566	-7.13392
5.25033	0.148733
4.43736	-7.1034
7.40118	0.556986
4.03014	-6.41872
7.13737	0.506427
4.68124	-5.72477
4.11916	-6.11878
5.95231	-1.19417
4.26752	-6.9403
4.1413	-5.85875
-8.05356	-10.9648
4.07828	-6.61062
-6.2204	-9.16409
6.77643	-0.37022
6.68104	0.0884814
3.48934	-6.74415
-4.09934	-9.47909
4.03861	-5.85344
4.55062	-6.29125
7.52299	-4.27349
-3.69469	-9.68724
-4.79755	-5.34958
-6.04808	-11.6059
-3.49087	-12.0131
5.74047	0.226512
-8.57567	-4.72612
6.23179	0.626274
4.48565	-5.81608
-6.55933	-8.27912
4.09935	-6.70949
6.69471	-1.40523
4.11346	-6.19384
-2.69266	-7.86887
6.4545	-1.34657
-7.18669	-11.9172
4.07115	-6.49144
3.31318	-6.30545
-4.75958	-10.8755
-5.36524	-7.68685
4.78026	-5.3433
-3.75424	-10.6695
-5.61065	-12.8158
6.50118	-0.638134
-3.1528	-12.6574
4.40113	-5.70518
7.32666	-0.695292
5.97503	-1.13338
7.18539	0.900986
3.57609	-5.28879
6.55981	0.79527
6.39876	0.011903
4.70989	-5.7363
7.58412	-1.83341
4.75718	-6.62124
4.78742	-1.96185
-4.83693	-7.57919
4.98634	-6.0833
-7.82188	-9.02622
6.71581	-1.5883
4.60252	-6.76609
3.97528	-6.75103
6.63638	0.166359
-7.80509	-9.9925
4.41671	-6.18342
-7.15906	-2.75422
4.82319	-6.13818
3.41252	-7.00426
4.5911	-6.15606
-2.69766	-6.80187
5.72612	-2.67695
4.15332	-6.59172
-5.36991	-8.65157
-5.78609	-7.24656
4.37799	1.7144
-6.39359	-6.62404
6.04203	-1.41615
6.77202	0.347579
4.67099	-6.46036
6.15419	-0.40923
4.30561	-6.67029
5.00306	-6.03437
4.61543	-6.79818
-5.02956	-10.4462
-6.72339	-8.76275
4.39583	-6.61939
8.5331	1.78675
6.94953	-2.02227
4.0862	-5.97717
3.63143	-5.7375
-2.67497	-8.9957
5.57125	-1.91043
8.08516	0.595416
-8.78408	-10.6879
4.17937	-6.45898
4.21012	-6.87687
-3.4082	-10.345
7.85206	0.680305
4.74393	-6.9847
3.98414	-6.5847
7.86112	-0.302173
4.33221	-6.46638
-0.42186	-10.433
3.84321	-6.08968
7.34694	0.244022
4.38632	-6.92242
6.55274	-1.2386
3.70677	-5.50466
3.49581	-6.58133
4.30589	-6.4003
5.30934	-6.45102
-6.28189	-9.39877
-6.63835	-11.9275
8.32679	-1.42761
4.0259	-6.47164
6.29077	-1.86936
4.88118	-6.04937
7.15795	0.666583
0.610491	-8.6339
4.01928	-6.47474
4.06102	-6.85356
4.03632	-6.28984
4.24418	-6.675
4.10604	-6.92191
6.42104	0.154908
-7.15369	-9.56104
6.851	-2.95107
4.87432	-6.41622
4.90518	-6.70286
4.72071	-6.20609
4.57743	-6.1434
-6.18594	-8.83638
-8.52238	-6.76043
6.14723	0.26461
-7.86402	-14.8149
6.37993	1.3794
4.72884	-6.02936
6.4138	0.00408295
-2.76488	-10.3792
4.13394	-6.612
7.61574	-1.61128
3.96092	-6.62763
8.721	-0.699222
3.33153	-7.35361
6.60786	-1.05456
9.43825	-0.011201
-9.42412	-5.43921
-6.54262	-12.5818
3.91885	-7.46649
-5.32903	-11.3605
5.80866	0.0558463
7.51076	-1.48522
3.42948	-5.50989
4.21182	-5.32691
3.90592	-6.555
-1.87471	-8.55253
-2.75735	-8.98339
-6.93113	-10.4865
-3.5605	-11.4779
-2.61144	-6.92605
4.91878	-6.10276
4.26061	-5.76272
-4.08088	-9.62241
4.08227	-6.5667
3.67951	-6.61722
-3.82652	-10.868
-9.40327	-7.88292
4.90237	-1.42594
4.72142	-6.66887
-6.40927	-13.1742
5.33475	-0.0532508
6.13445	0.547167
6.59211	0.139276
-5.83652	-10.0967
4.00918	-6.06607
6.28142	0.0940487
-5.37871	-5.46116
5.64805	-0.774173
-6.48777	-9.28075
-9.4211	-7.39217
5.69728	-1.036
3.15263	-7.62164
4.6114	0.320764
-5.27461	-8.04639
-0.183264	-10.245
6.55097	-1.82978
5.99007	-1.7197
3.98213	-6.26538
4.66674	-6.92193
6.25541	0.594931
4.78875	-1.63578
3.62606	1.57676
3.92133	-7.21156
4.9118	-6.07199
4.71544	-0.871361
-9.10543	-14.3869
-7.80506	-4.63358
4.38606	-6.69686
-6.27912	-6.89635
3.89737	-6.51524
4.48059	-6.38634
-6.84538	-7.99632
4.56205	-5.76825
-9.62355	-9.26633
-8.63943	-10.5673
3.64517	-7.07642
-2.39551	-6.50293
-6.1375	-9.19549
3.86287	-5.28905
-7.18028	-9.96258
4.3016	-0.630648
5.25595	-0.639455
6.50702	1.53159
5.83257	0.93588
-3.30773	-9.85092
-5.24945	-8.22466
6.7861	-0.825588
6.60062	-1.68766
7.15225	-0.30573
8.29268	-0.170144
5.33311	0.0555236
-4.15582	-4.78947
3.77371	-6.29305
4.49085	-6.60966
-6.55049	-7.14808
4.17642	-7.22034
3.73301	-7.12911
4.92771	-6.25546
4.11956	-5.95239
4.85355	-5.5285
-4.77069	-6.35283
4.64711	-6.60571
-4.94234	-11.1029
-6.17649	-8.31456
8.01488	-0.629934
6.75476	1.4653
3.59858	-5.8151
5.15102	-5.6336
-3.39718	-8.83545
-3.96321	-10.5759
5.16674	-5.45178
5.30758	-5.66377
6.92834	0.969983
-7.34368	-8.66973
4.30931	-5.6483
-0.0458163	-7.01028
-6.38054	-9.96179
-5.27706	-11.7993
7.67703	-1.16865
5.82851	1.43029
5.09736	-6.01652
8.66351	0.181884
7.47933	1.44341
4.03444	-7.11705
6.24662	1.15362
4.68214	-5.92558
-10.3541	-11.281
8.78162	-0.181907
6.40484	1.02529
-4.76862	-5.00938
-2.80273	-15.1467
4.59578	-6.0082
-4.33191	-13.9069
5.23238	-1.83762
-2.88405	-7.26223
7.82817	0.970956
-11.8933	-7.63924
5.30465	-7.36183
6.72774	-2.08981
5.78246	0.17861
6.52273	-1.06872
7.27822	-0.510372
-4.1734	-11.8533
3.60373	-6.81724
-3.67564	-10.4351
5.66744	-1.49502
-6.78754	-9.9616
4.01409	-5.8303
-0.930245	-8.53836
7.84143	-1.37787
1.12972	-7.599
-4.37985	-11.9732
-1.52861	-10.5062
3.32908	-7.05816
4.67677	-6.86292
5.46223	-1.46075
-1.94504	-7.90628
-5.83703	-7.41868
4.18965	-6.58482
4.38736	-6.27367
6.55713	-0.131776
6.971	0.114033
4.41743	-6.69724
5.7197	0.742231
3.34257	-7.04786
4.28337	-5.7653
-7.06788	-7.00944
4.56989	-6.56823
-6.23845	-8.47274
4.30917	-6.19678
5.91958	1.21604
4.35764	-6.3546
-4.14643	-12.1602
3.87821	-5.4978
9.14481	0.42427
4.32104	-0.63859
-1.43843	-11.2919
-7.9245	-10.837
-1.91117	-7.67831
7.34197	-2.3152
4.24722	-6.53496
6.49211	0.778033
3.14634	-6.97991
-3.92515	-11.0462
3.55797	-6.2147
4.02787	-7.46704
6.48657	-1.5573
-4.69411	-8.85839
3.93595	-6.41634
-4.77319	-12.3781
-4.46064	-6.9157
4.56031	-6.506
-5.80356	-9.95783
-2.90666	-6.13326
4.76258	-6.70833
4.23364	-6.11127
3.24679	-5.95121
6.74384	-1.61464
3.69468	-6.38167
4.86	-6.31268
5.63292	-1.44398
6.61131	0.401248
6.66047	-0.187146
5.45384	-0.268453
-9.29431	-12.525
-5.91179	-6.78467
4.30169	-6.11695
-5.53573	-10.6502
-3.50998	-6.57284
4.49278	-6.47814
4.50477	-6.7627
4.16085	-6.56041
-5.80073	-9.22586
4.38886	-6.43557
4.36252	-6.71496
8.32982	0.138098
4.95083	-0.917654
6.00435	0.712928
-7.57532	-6.98578
5.34991	-0.0609686
5.35093	-0.0235716
3.39475	-5.95154
-6.00628	-12.1931
6.42566	-1.90471
4.07491	-6.58047
4.18718	-6.76728
4.1975	-6.18828
4.02928	-6.87672
6.6539	0.863455
-6.75977	-6.98271
4.46353	-5.78547
-10.2327	-7.68555
7.3317	-0.210195
4.45495	-5.87131
4.74577	-0.630569
4.0213	-6.12175
-3.77256	-7.73965
5.33207	0.568263
4.43806	-6.31138
4.88653	-6.77259
-4.61014	-5.4413
5.23868	-1.77481
-5.63054	-7.21018
4.35361	-5.99783
-1.49276	-10.9354
7.74138	-0.366645
7.06846	-1.58546
5.53732	-0.348177
7.01112	-0.663497
3.4322	-6.00948
4.81542	-6.27242
3.50194	-7.06464
-1.10065	-8.63158
-9.82487	-13.0081
-11.692	-9.87326
4.07188	-6.85462
4.34546	-5.64324
6.17847	-0.537931
6.62895	-1.67908
-7.28968	-11.3961
-4.36643	-8.26523
8.96322	-0.969975
-5.39291	-6.88849
-8.77811	-5.69857
-5.45488	-9.92892
6.5724	-1.80532
-6.1264	-10.4538
3.8777	-6.54375
-4.16389	-8.53751
7.77402	-2.61685
-7.28969	-11.9656
-6.67398	-14.5641
4.25203	-6.21069
4.73246	-5.62076
7.01915	0.945298
-6.8923	-7.50521
4.43783	-6.05729
4.16818	-5.89122
-8.22581	-9.4325
4.00586	-6.61321
6.0922	-1.79759
4.33747	-6.77479
-5.22493	-1.2287
5.51526	0.26115
3.81194	-5.59825
-4.6361	-8.32589
6.8546	0.196294
5.27948	-1.04405
3.38603	-6.62117
-6.55023	-6.5546
-5.11958	-9.05147
4.57704	-6.68171
-8.90035	-7.14199
-7.05867	-8.41285
4.53162	-1.22234
-0.899477	-9.77181
6.70471	0.152865
6.73666	-1.37854
6.75121	-2.0451
7.25672	-0.818507
-5.76921	-9.5998
7.3169	0.885891
4.36639	-6.81581
-0.719753	-11.8113
6.94935	1.01112
-8.37395	-7.42707
7.14	0.0574317
5.62623	-0.40975
-6.43823	-9.70783
3.85137	-7.02405
-3.51771	-12.8271
-2.37289	-10.2954
-3.32105	-9.61886
4.49899	0.170541
4.61088	-6.30707
4.57178	-6.8597
7.07401	0.0470808
-5.78129	-12.6857
4.03486	-6.21572
5.54458	-2.38735
6.81711	-1.40585
9.03111	-2.34703
4.61111	-6.95251
6.26359	-1.42399
7.16037	0.0771787
3.99966	-5.95707
5.12301	-7.25515
4.36585	-7.00485
4.06869	-6.23689
-5.20989	-11.1575
3.75972	-5.95858
-7.20003	-12.2623
6.88302	-0.640766
8.53934	-1.00223
4.95809	-6.50096
4.13338	-5.7406
4.33141	-6.38932
6.59885	-1.20266
-9.10311	-7.74071
-2.83792	-10.5337
-5.84306	-9.62738
6.70361	0.909144
8.01671	-0.741251
-7.51752	-10.5946
7.79682	-1.90411
-1.262	-9.43058
3.94083	-7.03345
4.3545	-6.31218
-1.67722	-6.88448
-4.56218	-8.27373
6.00893	0.202873
5.99081	-0.178043
-2.1728	-12.4107
4.37087	-5.63756
4.09058	-5.95383
-8.78271	-14.2355
6.81028	-0.743185
-5.36081	-15.4652
3.86664	-6.77253
7.31432	-2.41949
4.46248	-6.26994
3.73367	-6.39868
-3.73151	-10.8547
3.42289	-6.33288
4.66181	-6.14228
4.44654	-1.21149
5.74993	-2.12892
6.81138	-1.36765
3.3082	-6.58682
3.64732	-6.38805
6.97928	-0.318079
-1.24738	-8.24589
5.94156	-1.32004
5.70977	-0.609876
7.69166	1.06845
4.07739	-5.97056
3.75492	-6.48688
3.69169	-6.20401
5.39181	-1.15323
4.70913	-6.51771
4.19889	-7.14402
7.68708	-1.4671
7.65852	-0.564381
-3.57845	-8.0315
7.61628	0.107115
-5.89974	-10.9388
5.22474	1.53705
4.13301	-5.7226
-8.51937	-10.9731
3.95116	-6.35635
7.1127	-1.15467
6.70395	-0.13444
4.65696	-5.38942
0.394944	-6.80323
-3.73848	-9.12807
-7.96459	-10.3366
3.38279	-2.58757
4.08246	-5.58483
4.96864	-6.2837
-0.658303	-6.7216
4.87982	-5.90436
-0.0568178	-7.95988
-10.243	-9.862
5.54268	-0.45452
3.27614	-6.67284
5.38451	-1.40669
4.6582	-2.74531
3.7764	-5.97719
-1.35881	-10.6721
3.23675	-5.77497
-4.49264	-10.97
7.06418	-0.431089
6.87594	-0.188484
6.77559	-0.0145475
4.87059	-6.13893
-2.37691	-8.61742
9.09431	-0.641806
-4.41941	-10.2434
4.10949	-6.81498
4.28285	-5.63464
-8.12635	-4.12452
-3.65128	-12.3849
5.75906	-0.951928
5.1759	1.62869
7.85946	-1.59718
-3.18053	-13.2674
-9.00811	-13.9248
-5.43983	-7.31115
6.24114	0.174901
4.50964	-5.54066
6.55101	0.58423
6.84269	-0.34357
6.66539	-1.50102
6.78766	0.425626
-6.66907	-9.25055
-5.84215	-13.7263
3.90034	-5.95307
-8.53439	-10.4559
-5.35398	-13.2761
-1.84129	-10.4725
3.92671	-6.44754
-7.93814	-10.1291
3.80898	-5.38183
-5.92683	-10.6061
4.56665	-6.27729
4.93646	-0.928578
3.11849	-5.54622
4.28274	-6.89598
6.19873	-1.9683
-2.74008	-7.72915
3.52316	-6.17278
4.62466	0.0229566
-5.90654	-5.81607
4.31916	-6.65464
-5.60334	-10.9689
4.67133	-6.51639
5.80764	-0.70649
-3.34092	-8.51141
8.02959	0.222295
-5.11672	-5.64041
-3.46285	-6.20724
7.13625	0.958005
-6.81271	-9.84508
5.60645	-1.42394
3.45124	-5.86243
-8.82618	-4.7439
5.24674	-1.95288
7.0441	-0.450063
7.2171	1.33854
-3.43774	-7.90073
4.76767	-6.32043
6.06067	1.08341
4.35556	-5.97231
-2.91657	-6.70015
7.21075	0.404754
-8.90264	-8.26026
-1.42953	-13.0289
-3.63612	-8.07586
-8.7911	-6.89546
6.8392	-0.0351271
7.2815	-1.16318
7.30337	1.79343
3.71897	-5.89289
4.86393	-6.1931
4.71788	1.27977
5.83213	0.0488319
-7.35512	-6.79589
6.32115	0.488625
-7.66227	-6.06697
4.79159	-6.32471
-6.96503	-8.36987
3.3306	-6.64668
7.45805	-0.152236
-6.07051	-11.7119
6.99406	-0.737911
3.48982	-6.26474
4.52016	-6.51718
5.67732	0.434568
-6.66935	-10.183
4.30909	-6.84338
-4.05669	-11.0907
4.50182	-6.419
-7.85831	-7.29272
4.7109	-1.00583
4.25938	-6.14117
6.12899	1.3569
4.30348	-7.38476
3.69401	-6.08402
-8.87435	-10.3952
6.32452	0.205514
6.38235	-0.424243
4.50673	-6.38007
-7.69321	-7.58651
3.77754	-6.2435
7.86366	0.753292
-2.67099	-9.43692
-1.95256	-9.82736
6.23015	0.216634
3.88386	-6.12236
3.90047	-6.38911
3.45799	-5.95614
4.88748	-6.80792
4.11689	-6.90683
4.52908	-5.83242
7.05352	-1.29746
4.4026	-7.06292
-4.46209	-8.07175
-1.35962	-11.583
4.2132	-6.2743
-4.81251	-9.61804
-7.63753	-9.96838
4.46378	-5.75294
5.34866	-0.0440921
-3.10992	-6.6577
-4.34281	-9.25825
6.30375	-0.461379
4.04428	-6.34009
4.65984	-5.74244
7.13806	-0.300297
-3.48524	-10.7743
7.4964	-0.035384
-4.10965	-9.06174
-9.16108	-7.87589
-8.4029	-10.7444
-1.95711	-12.1394
-7.24635	-10.5333
3.87569	-6.70311
7.67383	1.04816
3.99456	-5.88892
-4.7887	-10.386
4.5492	-6.30171
4.12497	-6.97753
8.34778	0.665807
5.90365	-0.311636
-4.01597	-10.1473
7.76363	-1.97798
-3.01371	-11.8159
-6.19145	-6.53412
6.50954	-0.373915
4.44365	-5.94375
-6.39008	-9.41927
-5.0783	-9.00749
-2.42303	-9.57616
-9.1138	-10.91
9.42367	1.17387
3.38033	-6.35203
-0.0259185	-12.0449
3.98861	-6.69827
6.15695	-1.02645
8.25904	-1.88045
6.44569	-1.03043
-5.50695	-7.34305
7.20861	-0.942968
-4.9786	-11.1623
-3.46185	-11.0454
4.48044	-5.96592
-4.73589	-12.7121
-8.33297	-14.4279
-7.27624	-14.6562
8.0658	-0.776809
-4.82537	-8.64385
3.60035	-6.40687
-6.96331	-10.0285
7.49898	0.354379
3.8871	-6.47209
4.09303	-1.41816
-2.45343	-11.0294
3.74658	-6.15495
4.29313	-6.22265
4.18276	-6.2086
-5.22782	-10.3145
-4.75113	-11.9772
-5.28203	-4.7289
-6.34466	-8.79319
7.52126	-0.722473
5.88319	-0.147306
4.45372	-6.88903
7.00019	-0.00932637
-7.72068	-6.20356
-0.00736541	-9.57303
-7.77874	-11.1003
-7.14514	-7.42149
-4.21471	-12.5413
6.51132	-0.407935
-7.08182	-9.24917
-5.16384	-9.20402
5.1024	-1.08803
-4.6839	-10.472
-4.87621	-13.3472
3.62552	-5.89735
4.98433	-6.4757
-5.52762	-6.08727
-8.66625	-5.18909
-2.13642	-12.3945
3.34963	-6.41109
4.40672	-5.94362
4.72255	-6.60963
-3.44068	-6.14304
5.84656	0.14635
3.79862	-6.13302
-6.52356	-9.05899
6.82012	-0.0505636
4.00659	-6.37554
3.75122	-7.01813
-3.93425	-12.312
-4.74877	-8.77812
4.28718	-5.59648
6.3244	0.357459
5.07858	-7.4004
4.21947	-5.79098
-8.27139	-8.16395
3.47144	-6.49467
6.48717	-2.25962
7.0067	-1.8829
6.48432	0.0991295
2.97918	-6.30523
5.00219	-5.86374
8.04575	-2.71371
-6.1728	-5.99518
4.4938	-5.6143
-4.8255	-7.97264
3.62596	-6.63772
-3.1199	-7.10982
4.06662	-6.76145
-5.89504	-8.40966
-3.83502	-12.949
-5.14498	-8.753
6.00427	0.968103
4.04849	-6.59456
4.55169	-6.94377
7.44378	-1.33541
6.6278	-0.884401
5.06612	-0.623234
5.87149	0.152389
5.72995	-6.48357
-4.60733	-6.13541
3.25209	-7.24256
4.25542	-5.89587
-8.94893	-6.96266
3.85134	-7.0915
3.58435	-5.89929
3.83485	-6.83936
3.78564	-2.27584
7.80309	-0.383907
3.70802	-6.14726
-5.59085	-10.6531
4.09165	-6.80028
5.37919	0.443005
-5.8104	-6.52908
3.76028	-5.76061
7.09926	-0.592633
4.13823	-0.313687
-9.41988	-7.31447
-8.36509	-1.84792
-7.18411	-5.7894
4.74525	-0.993417
-0.337806	-7.61295
-3.25567	-9.09068
-6.04072	-10.5729
3.86494	-7.69929
5.09149	-0.0646647
-9.15577	-6.72235
7.17798	-1.4731
-7.43568	-7.45168
3.90123	-5.88677
6.93467	-1.0456
-5.12359	-4.75146
-2.85514	-9.02709
-6.24354	-7.70659
-7.5333	-9.26708
4.63324	-6.03858
4.7929	-5.74347
-0.919951	-9.93803
-1.84123	-5.86838
8.26068	-1.66946
7.11259	-1.31928
8.6169	-1.44819
-3.23656	-5.63673
4.16966	-7.61409
5.06091	-5.55449
7.90575	0.137156
4.39243	-6.21065
4.94275	0.139487
4.07282	-6.62166
8.82833	1.75286
-11.5999	-8.17106
4.57513	-7.28387
4.83983	-5.93878
3.71351	-6.52602
8.40398	0.817088
-1.1963	-11.2165
4.25901	-6.32982
4.19727	-5.80902
3.66946	-5.87347
-6.10936	-13.0025
-4.71398	-10.7887
-8.90818	-10.6146
-4.64928	-16.1338
3.5491	-6.5226
5.31144	-0.594187
5.04725	-0.0905816
3.73989	-6.65276
6.80843	-0.330956
4.15231	-7.27622
5.84244	0.976599
-6.68406	-9.18505
-6.86235	-7.54682
7.11718	-0.326165
8.05289	-0.696974
-4.34179	-12.3468
-6.98569	-10.4793
-5.08865	-4.34065
7.70031	-0.572674
7.4946	-0.00185361
-8.40901	-8.58682
4.7005	-6.21642
7.17459	-0.80382
6.21342	0.688862
4.16653	-6.21303
4.53844	-5.16098
5.9843	-0.322672
8.6171	-1.07054
2.56095	-7.40229
3.73514	-6.4152
4.82902	-6.31351
6.48316	-0.427905
-11.8138	-5.4928
7.17834	-1.63548
-7.88573	-11.7441
7.03092	0.247946
5.89212	-1.48338
3.7944	-5.957
5.02194	-6.31711
2.9915	-5.85469
-6.04245	-7.25964
-5.36276	-9.29987
-3.14582	-9.67044
4.32037	-6.75697
-9.34952	-6.97511
4.5149	-6.71866
-5.63872	-7.12589
5.16067	-6.41918
7.53755	-0.63467
5.10641	-0.815842
6.34436	-1.2394
5.36726	-2.03887
6.72759	0.169738
6.14015	1.13822
7.80478	-0.460513
8.8697	-0.50924
6.9046	0.374516
4.43775	-6.99503
6.55838	-1.19704
5.61545	-5.92748
6.56931	-3.21072
4.47243	-6.36251
5.95952	-0.824555
-5.18886	-11.475
6.68494	-0.890925
-6.8909	-8.50989
7.13174	-0.434258
5.48184	-7.07171
4.51782	-6.58809
6.59092	-1.75255
-2.14264	-10.2444
4.54734	-0.206744
-5.58422	-8.994
5.52259	-0.135854
7.08305	0.0629135
-8.19319	-17.655
-2.04183	-7.62879
-2.35454	-6.46611
6.80055	0.571928
-6.49609	-10.051
5.11174	-1.99441
-8.85385	-10.2675
-3.7938	-8.74892
6.76506	0.291249
-4.18873	-8.57084
3.68484	-6.52122
-5.59794	-5.64843
4.65271	-7.2643
7.26534	-0.379087
6.59427	-1.65177
7.86699	0.923935
-4.63632	-9.46192
3.31027	-5.68869
4.29713	-6.97475
3.84362	-7.11151
4.50725	-7.10595
4.422	-6.8171
-4.31886	-11.0242
5.67669	1.44482
-7.83888	-9.13614
4.37008	-6.79623
6.81303	-0.628647
6.95856	-1.24304
-3.23554	-13.0803
7.50793	0.378846
3.93583	-5.69191
4.4091	-6.32825
-1.44794	-9.24528
4.23347	-6.17535
8.44763	-0.260857
6.5426	-0.582069
-3.02831	-7.79084
-7.6775	-10.2216
-3.66039	-13.6268
3.62815	-5.77254
-8.59398	-7.85607
5.35556	-0.412115
4.14047	-7.53214
5.89617	-1.54259
4.15783	-6.86823
-5.05988	-8.43013
4.6825	-6.07937
6.41634	0.36624
5.98653	-2.63993
3.93036	-5.84618
3.70648	-6.40595
5.97252	0.641574
-6.11493	-6.27276
4.20042	-6.44773
3.61843	-6.41665
6.97761	-1.67675
4.43489	-6.04474
6.07915	-0.0560485
-3.7984	-10.3863
4.69008	-5.89325
4.38169	-6.58706
4.78123	-5.89176
5.95703	0.604599
5.83661	-0.184643
6.94629	0.0762013
5.77234	-0.373736
4.66149	-1.19963
-4.612	-11.3374
6.3095	-2.12023
7.49223	2.38261
3.865	-6.30321
4.4904	-5.92014
4.24096	-6.47004
2.19215	-8.5112
-6.40857	-10.139
5.45025	-1.76162
3.51268	-6.68631
7.60917	-1.18475
-3.97366	-17.0697
7.35825	-0.634971
6.02165	0.346354
6.43469	-0.836062
3.70564	-6.63111
-5.04767	-8.09124
4.35639	-5.58556
7.52324	-0.458843
4.88413	-6.82867
3.45624	-6.06654
6.51734	0.123813
-6.64122	-9.0792
-2.42817	-11.7022
4.11391	-6.72405
4.54574	-6.73171
-6.84055	-10.2205
5.64963	-1.27123
-6.67535	-11.4584
5.24867	-0.506189
-4.35888	-8.85823
-4.2582	-8.75616
-4.40693	-8.43883
4.3964	-6.74225
-0.99575	-8.25292
4.64491	-6.71754
5.63767	-0.529896
7.80317	0.0131543
-5.3539	-12.5182
5.30253	-6.12595
5.22521	0.124008
7.22505	-1.57515
-4.82353	-9.1743
-6.68039	-10.2796
5.95833	0.658413
-1.74593	-11.0184
3.99014	-5.99387
4.28781	-7.4043
6.67829	-1.14674
7.26699	-0.183333
-3.86593	-7.50676
5.39571	-1.82063
3.46777	-7.07146
7.09701	-2.13696
4.20434	-6.53435
6.35418	-1.2003
7.07578	-1.16386
3.70736	-6.36018
7.26667	-1.41978
4.67644	-6.98811
-10.0606	-8.25924
3.91531	-5.69782
6.10739	0.470468
5.79986	0.222901
3.52686	-6.23563
-5.81886	-5.7262
4.47987	-6.0385
8.31376	-0.419772
3.70071	-6.29827
-3.68205	-7.97322
4.13767	-6.5919
4.63256	-6.68125
-6.15313	-10.7081
8.16763	-1.12236
6.5439	-0.736489
5.82414	-1.31285
-11.1002	-4.99354
-4.26776	-5.14104
-6.31844	-10.8801
-5.10183	-7.04843
7.3201	-0.507416
-3.16578	-6.56489
4.68241	-6.49934
-4.85085	-14.3467
4.43988	-1.84356
-6.49105	-10.5284
-6.05451	-10.9754
4.36888	-6.05241
4.48186	-6.176
-5.60034	-11.3773
-5.3437	-7.3399
-2.39234	-10.7191
-3.69583	-9.73456
-2.65952	-10.9636
-10.6799	-7.97419
-1.44392	-5.66387
4.63673	-6.43248
5.16953	-6.31629
3.99593	-6.38476
6.08955	-1.13969
-8.21505	-6.73085
6.0956	-1.08844
5.13689	-6.4783
3.94242	-6.58285
-5.68433	-9.6389
6.16704	-1.18208
-9.53729	-10.3393
4.69755	-5.78768
-3.27061	-10.405
3.36404	-5.78606
6.30208	0.525646
-5.05315	-8.05634
3.68438	-6.95902
4.5405	-6.14019
5.51935	-0.484749
6.13018	-1.18359
8.00373	1.6243
-4.10061	-9.89862
-6.26766	-9.5573
3.69242	-6.39871
-6.7515	-6.53993
-6.4052	-8.3333
-4.35004	-10.4487
4.99138	1.3708
3.90695	-7.43416
4.7114	-6.07474
-7.26864	-10.8876
4.63592	-6.38548
4.43831	-6.06151
-2.7162	-8.90845
4.99494	-6.20877
3.40086	-6.75123
5.6732	-0.596398
8.6547	-1.47578
3.84756	-5.95202
4.84146	-6.58535
4.83865	-6.22814
4.2083	-6.04214
4.33076	-5.83429
5.0269	-2.37142
6.66337	1.53126
6.56684	-0.803078
6.46813	1.53478
-3.77846	-8.48559
5.72312	-0.124187
3.5112	-6.82356
4.14714	-6.99225
6.31159	1.29304
6.14606	-1.2639
7.0276	0.115248
4.21092	-6.22832
-1.93317	-10.5132
5.37104	-6.59464
3.47811	-6.25029
-5.216	-10.1422
-7.59844	-8.64256
4.41055	-5.6476
-7.4772	-3.11303
6.83792	-1.26056
5.80342	1.71378
6.95748	-1.82599
6.70647	-1.07159
3.55971	-5.40361
8.71709	-0.692241
-2.85978	-8.89795
-7.63439	-8.12462
3.55133	-6.44065
4.30618	-5.47267
-8.79774	-12.7054
-5.24165	-11.4776
-9.00291	-6.81544
6.19334	0.122266
3.86471	-6.22736
6.36592	-1.53001
7.68741	-1.8596
6.07178	-1.18946
3.15557	-6.89495
6.29632	-1.89767
8.54231	0.0264104
-9.38053	-11.3092
4.17663	-6.12894
7.04352	0.81727
4.27327	-6.63638
3.19465	-5.79816
4.00742	-6.68859
6.82491	-0.247438
4.34278	-6.35799
4.64404	1.00183
5.98082	1.15873
-5.50904	-5.37237
-6.65361	-7.47794
4.06095	-6.76194
4.0752	-5.95345
4.23547	-6.52938
-5.66316	-12.7815
3.67056	-6.15713
-5.3027	-6.56946
-3.49998	-8.84337
7.60502	-0.134122
5.55655	0.588247
-4.89787	-11.471
5.09922	-0.452928
6.88346	-0.0656746
-4.42115	-7.55893
4.5795	-6.70203
-6.99457	-9.33845
6.56629	-1.54434
3.96047	-6.96002
7.08728	-0.894119
-7.25804	-11.2802
6.42515	0.188831
4.1986	-6.76766
-5.82226	-10.4984
-5.28804	-11.6737
-3.06217	-8.25454
6.51658	-2.6186
3.49294	-5.16963
7.85953	1.0313
-9.77069	-8.82975
-8.09771	-4.8504
-6.11484	-11.1705
7.4557	-0.202466
4.7005	-6.07138
-5.33723	-6.17185
-6.87922	-7.57948
8.48926	-0.39074
4.35471	-6.38945
6.02186	-0.675733
-6.49997	-6.28538
5.4385	0.659693
6.13049	-0.312102
4.08035	-6.52945
-3.85032	-13.3635
7.2768	0.206868
-5.08086	-8.29139
-6.86937	-8.56943
6.94454	-1.22755
3.86734	-6.7091
-3.82135	-3.60269
-3.43523	-9.85291
4.01512	-6.7286
-5.13517	-8.97159
4.54535	-6.67278
5.8061	2.80559e-05
-4.96136	-7.39357
-3.05786	-9.18833
6.89319	-0.952518
4.83016	-6.24309
4.18996	-6.18937
6.58421	-0.561601
-4.79818	-5.8154
-9.05846	-7.56885
6.25066	0.726124
5.91222	1.01712
-5.97012	-8.37232
6.6082	-0.589058
6.64397	-2.01491
-9.42937	-7.63835
-6.08685	-9.59752
-5.37986	-8.23483
7.54788	-1.69652
4.52717	-6.70856
5.56432	-6.58643
4.96276	-1.37631
4.01671	-5.25817
4.99694	-5.94111
3.60227	-6.36103
-4.79236	-3.85677
6.46088	-1.28948
4.528	-0.486624
4.24162	-6.625
6.48113	0.65716
4.45625	-6.14715
5.66765	0.712672
-4.71491	-9.59214
6.30317	-0.496434
8.17383	-1.36791
3.9749	-6.5628
6.81771	-0.481345
4.43556	-6.6398
4.25341	-6.26085
5.99059	-0.288907
7.68464	-0.813467
6.41179	-0.095663
3.63701	-5.49549
5.35839	-1.65808
5.925	-1.68976
-4.93703	-6.17072
-2.21203	-9.4287
7.4219	-1.35975
4.24818	-6.82682
-5.16304	-4.32989
3.58468	-5.22516
4.19896	-6.31458
6.93982	0.475284
5.0483	-5.92218
6.67092	-1.2658
6.63162	-0.745497
3.78258	-5.75686
-2.50422	-8.36025
3.81587	-6.87296
5.03727	0.646733
3.15606	-6.22824
4.09287	-6.65122
5.24326	-6.81887
4.28267	-6.10934
6.03102	-1.11027
3.92205	-5.80899
4.00845	-6.16092
-4.28301	-11.6497
-7.40484	-8.61162
4.48267	-6.90643
-12.8077	-13.224
5.89066	-0.969811
6.94573	0.0887836
3.65579	-6.6039
-6.67685	-8.58522
6.0239	-0.315934
4.10827	-6.08733
7.09838	-0.988991
0.213282	-9.01554
5.56026	0.90952
4.63981	-6.07367
4.05392	-5.85547
-4.71623	-10.4991
7.4756	-0.0877984
-7.95017	-8.99373
3.10584	-6.82001
3.9378	-6.27433
-5.24978	-11.5082
4.50434	-6.58555
5.9015	0.244066
-6.94199	-8.59523
-3.33799	-7.98692
6.34849	-1.75934
3.37024	-6.14467
-9.31686	-11.6593
5.76828	0.318831
-0.122069	-13.7854
4.15134	-6.15968
7.83354	-0.507997
4.013	-7.08101
6.93621	-0.651351
7.66074	0.0681713
4.66409	-6.46686
5.80783	-0.45784
4.09765	-6.37851
6.17042	-0.507853
4.20807	-6.14065
-5.45329	-9.21213
4.66637	-6.3846
-3.54558	-11.5398
4.06351	-6.21736
-6.32252	-9.22081
4.71184	-5.28438
2.9341	-6.34817
-7.60352	-8.80905
5.25444	-5.76215
-3.42129	-7.57919
-2.67839	-10.7627
-9.27606	-7.52856
6.87357	2.5788
6.42237	-0.0681674
-4.75404	-7.40391
7.3366	-0.798136
7.7094	-0.514163
-2.00824	-9.27427
-7.31467	-14.102
-5.97019	-7.81504
8.79753	-0.867835
4.86069	-7.24278
-4.84496	-7.66849
4.9669	0.434781
3.63214	-6.19587
-8.70095	-7.0129
-6.14429	-7.88267
-4.7997	-7.57596
4.68184	-6.46264
0.554088	-13.088
-5.45259	-12.4816
7.55821	-1.18523
-5.99465	-9.82636
-6.50164	-7.90917
-4.81392	-10.776
-4.70046	-8.05108
4.92555	-6.17179
6.6273	-3.04436
-3.26325	-10.7106
-3.99159	-7.79742
4.54283	-5.77949
5.84808	-1.81305
4.97778	-1.26904
4.49967	-1.01685
-4.30992	-2.53352
-8.63552	-9.28707
-7.19084	-7.13375
-8.15605	-7.84986
4.48181	-6.22763
5.31411	-5.34804
-0.790604	-10.5096
-4.39287	-9.17492
4.33298	-6.31771
6.51677	-0.521488
7.69966	1.0666
-0.553245	-11.9103
5.38433	-1.62362
6.23287	0.0413137
5.84232	-0.0389984
3.94032	-5.94246
-6.49706	-7.6526
7.46346	-3.47957
-6.65977	-10.9769
-7.2138	-6.12029
5.54838	-1.21636
4.1231	-7.30605
4.04025	-6.18191
3.35901	-6.28106
7.88184	0.407278
4.52953	-7.29252
7.05994	0.129782
-7.20635	-9.8117
-7.27325	-8.60207
-8.2045	-8.55761
-6.47824	-9.48577
4.28913	0.354673
4.36046	-5.64544
-3.19224	-7.19635
-5.58677	-11.4143
-2.37462	-13.2883
-4.36909	-6.92146
-4.14448	-8.61892
-7.78684	-8.22135
4.17884	-6.00907
3.972	-5.93935
6.95376	1.01345
6.14968	-0.293917
6.17483	-1.07728
-1.99318	-9.45532
6.74746	0.0448692
4.52092	-6.07897
6.07402	-0.033801
5.23241	-0.252416
6.06695	-2.47908
3.96899	-6.8758
4.18229	-6.19594
-4.53105	-9.54638
7.26013	-0.64693
4.41328	-6.07874
3.99885	-5.58402
-2.60826	-9.10526
-6.00246	-7.91251
-4.51017	-4.38004
6.76545	0.245448
4.6972	-1.3059
6.19251	0.659833
-5.6642	-8.66852
4.47575	-6.34438
4.85161	-5.96238
-4.7403	-15.324
-10.9342	-8.94191
3.76876	-6.50826
6.62021	-0.495731
6.28115	-1.53768
4.72421	-5.82947
3.75714	-6.1877
4.7954	-6.48721
4.09247	-5.82345
5.92313	-0.151027
7.02343	-0.959569
-5.93233	-6.51011
4.2579	-5.45043
7.58863	-0.00126549
4.84302	-5.78685
-9.7333	-7.90868
3.82986	-6.28374
3.85289	-6.20902
-3.71385	-9.28479
4.26226	-6.99366
4.53039	-6.89842
8.35796	0.491426
-3.77142	-9.62906
5.37995	-0.341074
7.50401	0.278895
8.06128	-1.3094
4.08931	-5.96804
7.3039	-0.283176
3.39324	-6.14655
6.43902	-0.929603
-6.02682	-13.0841
-6.49125	-2.57016
-5.81881	-7.70843
4.17311	-6.16905
-4.17608	-10.0795
7.30859	0.726041
3.87599	-5.8948
4.04314	-6.55446
7.67923	-0.186305
4.11401	-6.33869
4.75331	-7.02968
3.80662	-5.79002
-1.67978	-13.689
-3.19898	-12.2348
7.90359	0.0499324
4.88214	-6.50059
6.53749	-1.76954
-5.05176	-13.3685
-2.80499	-4.65953
-5.74519	-9.44593
-3.19089	-8.91704
5.70358	1.31377
6.41888	2.21454
7.35667	-2.09688
5.68658	-1.1132
-6.37638	-11.3956
4.10674	-7.09727
3.93753	-5.8206
-5.4587	-11.9348
-6.35386	-5.95774
-8.06422	-7.05347
4.80717	-6.32535
5.32044	-0.954939
6.46585	-0.668092
4.32581	-6.48646
-5.65766	-6.47287
4.29985	-6.05997
4.11302	-6.79694
-4.08267	-6.38471
8.19528	-0.674751
6.85884	-0.0271236
3.48187	-6.85731
5.98802	0.953715
3.82774	-6.52978
6.10409	-1.07389
-5.36631	-6.95972
7.54452	0.0165538
6.35466	-0.475992
-2.67836	-8.50137
4.00564	-5.97383
8.87859	-2.06812
4.47154	-6.16014
6.98509	-0.0597996
4.73157	-6.31105
7.33636	-0.21403
3.63159	0.584719
-3.52591	-11.3651
-6.28115	-9.62337
6.33794	-1.61323
3.66018	-6.1024
7.0639	-1.39466
-9.97726	-9.48896
4.00298	-5.54833
3.74686	-6.48861
7.53412	0.153507
8.96172	-1.15687
-3.95961	-8.40411
5.69793	-0.0434185
5.28994	-5.33184
-4.20741	-7.14028
3.93142	-6.1268
-10.881	-10.3648
-1.30984	-11.8015
4.24124	-6.54439
-8.66902	-11.4646
-5.15654	-8.08666
-5.67702	-7.3595
4.04907	-6.65864
-5.46416	-5.10987
4.78718	-6.08952
-1.95796	-8.25583
4.85392	-5.7976
-4.9983	-7.15204
4.69235	-6.30349
5.87326	-0.997383
7.09894	0.0547198
6.785	0.530224
4.77449	-0.503073
-6.45737	-6.1193
4.39477	-6.23632
5.65244	-5.54503
-6.33708	-10.5753
4.55755	-5.37057
8.82296	-2.31091
4.90022	-7.22362
3.95971	-6.17121
5.57061	-0.821307
4.39379	0.360688
-6.12137	-10.7705
7.75221	-0.596108
8.13711	-0.924038
-0.651322	-3.35812
3.41992	-5.26674
4.16551	-5.27146
5.62593	0.147122
4.97052	-6.68897
7.6621	-0.311816
4.15988	-6.51998
-8.99864	-10.1518
5.39268	-1.82872
6.87196	-2.36636
4.57088	-1.83336
3.88855	-6.42439
7.42731	-0.662504
4.34396	-6.51546
6.13463	-1.80319
6.60125	-0.302444
3.64381	-6.6597
-4.42622	-10.9996
7.8933	0.145651
-3.50166	-8.85695
4.52096	-6.24671
-6.80658	-7.96561
-5.94846	-7.56532
4.68281	-5.47454
-4.93854	-8.88659
4.55724	-6.20374
8.40965	-0.440275
7.19593	0.336475
4.67742	-6.13594
-5.51105	-7.86821
-5.93255	-12.4648
6.48015	0.984247
-2.29465	-10.2228
3.38253	-6.42745
3.8727	-5.70045
7.01451	-0.087991
6.94174	-0.179853
6.9827	-1.15731
3.70419	-7.30006
-6.23457	-8.36716
6.44392	-0.975025
-6.49848	-8.59893
6.32216	-0.761476
-6.84698	-10.4356
-3.42165	-8.97763
6.64552	1.11462
7.05238	-0.258461
-6.35933	-5.47059
-5.34176	-14.2903
-5.53315	-9.03104
-4.71807	-13.8398
5.57142	-0.380405
-3.80001	-9.89062
6.26404	0.498366
3.59799	-6.34671
-1.04706	-5.54016
7.15149	-2.48655
4.70301	-6.07947
6.59443	0.734017
4.60691	-6.26506
-2.96539	-13.4655
4.91453	-5.99156
4.2518	-6.10593
3.74179	-6.67371
-6.21467	-5.00647
-6.64322	-3.54919
7.41106	0.689857
4.19124	-6.32678
-3.1462	-9.55348
5.4847	-1.29797
3.77503	-6.10941
-5.63307	-10.6014
-4.21682	-11.4339
4.58929	-6.11063
6.56777	-2.15937
-3.06797	-5.21552
4.72435	-6.72614
8.37133	-0.050001
-4.53916	-6.77303
6.86344	-0.299764
8.17372	-1.33474
4.5084	-6.92372
4.85554	-7.00562
5.78759	-0.768197
-7.52605	-10.9681
6.31719	-0.354215
3.72247	-6.41244
7.21031	-0.939559
8.06398	-1.62191
4.28038	-5.80143
-1.69262	-13.5034
-5.68563	-7.90714
6.54874	-1.39327
-5.692	-4.7623
-6.02648	-7.23826
3.84708	-6.20552
4.28115	-5.81449
6.71068	0.193588
6.18045	-0.622188
5.36505	-3.19545
-8.72432	-8.20309
6.58125	0.133338
3.74812	-6.76187
8.58732	-1.07847
6.10082	-0.862097
-4.31563	-8.3794
8.40674	-1.41591
5.95209	0.288754
-3.6036	-9.40032
5.85053	-0.567073
-6.2632	-13.1519
3.89929	-6.91784
4.43618	-5.96033
7.59598	-1.67636
-4.65689	-10.0371
-6.09695	-2.82261
-0.219842	-9.7536
4.47603	-5.1378
-5.91845	-8.11713
5.04355	-6.87201
4.20429	-7.03151
6.34985	-0.154371
7.39555	-0.586096
-4.98884	-8.40218
3.40237	-7.51492
7.19263	-0.837618
3.67059	-5.67853
-0.519833	-8.60533
4.89498	-6.59513
3.36693	-6.8646
6.69872	0.707958
4.32903	-6.19288
4.67206	-6.72529
-6.11889	-8.26422
3.00537	-6.16803
6.59649	-1.00277
3.42457	-6.34941
6.151	-0.436086
-4.29705	-10.7851
3.75352	-6.34779
5.10016	-6.48151
-6.54276	-7.08148
4.67488	-1.24024
-6.76367	-10.8626
3.90313	-6.67068
5.2437	-5.85471
-3.64715	-8.74439
3.07548	-6.08883
4.47957	-6.40538
4.0442	-7.34332
2.96892	-6.20882
4.39948	-5.86032
-7.2714	-10.6639
4.35998	-6.12854
4.807	-6.72944
-7.91456	-11.144
-7.86904	-5.27268
4.69734	-5.56329
7.05887	-1.08202
6.12792	-0.523433
-4.61474	-7.95933
-4.76977	-9.5868
4.71814	-6.6678
3.78818	-4.64025
4.37313	-6.49186
4.62046	-5.73945
4.48033	-6.07251
-8.34514	-8.97775
6.67428	-2.96259
7.68062	-1.55987
-6.90569	-5.84386
6.74423	-2.67004
4.01785	-6.10835
-1.57177	-13.6867
6.41353	-1.22761
-3.85488	-10.9242
5.95934	-1.9028
7.80754	-0.58563
7.18242	-3.35548
3.87223	-5.89146
-3.47984	-10.6172
3.76095	-6.40288
6.89404	-2.25656
6.37303	-2.2715
6.43929	0.755287
-3.15726	-10.0627
6.51393	-0.734039
4.3814	-1.01663
-5.86286	-11.6624
-3.45441	-8.3331
-8.26775	-6.73898
6.177	-0.222766
4.16662	-6.50935
3.98243	-6.80797
7.63171	0.5989
3.52082	-6.29989
6.43673	0.629424
4.20832	-6.47343
-7.10719	-9.36573
-5.07252	-7.46048
-7.8787	-7.56201
6.04721	-0.849654
4.94964	-6.41888
6.95254	-0.912929
3.98158	-6.44096
-6.58081	-10.4865
-8.11188	-9.92193
3.58728	-6.2347
-8.22674	-9.3088
6.48928	-0.161161
7.49761	0.695483
4.77745	-6.72145
7.49506	-0.895541
-1.47219	-11.2505
4.32852	-6.47056
6.31551	-1.89639
9.05704	-0.39356
-4.04519	-7.95423
3.46779	0.544586
-5.51864	-10.9262
-4.90985	-10.7356
4.04388	-7.43925
4.54117	-6.0302
-3.41342	-8.24539
3.41378	-5.46496
8.18381	-1.00578
8.92259	-0.390969
-5.249	-12.69
-8.42924	-8.9746
7.26542	-0.0648293
6.22674	-1.36137
3.97011	-5.93657
4.55127	0.157139
-7.13979	-10.7159
-8.07065	-4.00167
6.26193	-2.86846
6.18762	-0.552907
5.31026	-0.631049
3.94491	-6.23184
-4.38393	-10.4796
6.2393	-0.463306
7.25809	-0.766537
-5.56016	-10.8272
5.44603	-1.27451
3.69317	-6.07719
-9.67575	-11.2517
5.29806	-2.41626
4.82167	-6.04947
-6.91881	-8.25631
7.23421	-0.0688243
4.36265	-7.18817
3.88252	-5.99349
5.56191	-0.540398
3.05993	-5.94554
6.83386	-0.254057
4.85301	-5.94007
-3.24496	-5.21818
-2.9321	-5.03327
-9.45226	-7.0439
7.63522	-0.238176
8.0041	-0.911623
-3.76563	-9.50138
8.15546	-1.37589
3.98854	-5.80924
-6.56008	-11.8167
3.73743	-6.02711
-7.51646	-11.3354
-6.496	-5.82175
-3.0942	-9.66484
7.42308	-1.66788
-6.1597	-7.40698
4.7751	-6.09553
-1.64832	-8.5296
4.55963	-6.97965
5.31416	0.72941
4.85462	-6.3356
4.30739	-6.96877
3.95798	-5.18816
7.08574	-0.325192
7.67902	0.154852
8.03066	0.0911255
5.08759	-0.718852
6.22811	1.03904
4.45166	-6.55755
7.08123	-1.14204
-4.34725	-9.63629
-4.6749	-8.96482
-6.37025	-6.17487
4.16789	-6.84822
6.72717	-2.21157
-3.09632	-12.5808
7.28094	-0.592428
7.70206	-2.76296
-4.5099	-8.79987
3.95021	-5.83438
-6.70733	-6.39331
-4.02787	-11.5715
6.46125	-0.565844
4.36399	-1.61311
-5.24934	-4.04627
3.85925	-6.07274
3.41994	-6.60186
7.48841	1.14571
5.51457	-5.67896
4.37688	-6.89175
4.83744	-5.63883
-4.91463	-5.90479
4.80988	-0.922837
6.71599	0.848849
4.9351	-6.28079
3.367	-6.6604
-5.00486	-7.18426
4.19631	-6.72958
3.96512	-6.16055
7.59795	0.514149
-4.84098	-8.40764
4.00135	-6.34588
5.53817	-1.86392
4.45868	-7.08157
6.26639	-0.779003
-3.26176	-3.98788
4.5368	-5.19884
-7.48376	-8.14365
4.03715	-6.09976
4.27503	-6.71546
6.96067	-2.42614
3.95746	-5.78453
4.70891	-6.37044
4.24177	-6.23794
4.83638	-7.13947
7.0795	-0.339833
-3.6619	-10.5115
-6.51174	-5.73101
-7.58033	-10.3391
6.99423	-0.883388
4.46179	-5.82895
6.17278	-1.77646
6.98518	-1.33368
-1.54063	-10.7502
-1.99518	-9.15498
8.35212	-0.0503997
4.11514	-6.36251
-9.47254	-8.19216
6.74554	-0.868383
5.20685	-1.62132
7.28365	-0.729416
7.2978	-2.18162
7.491	-1.45325
4.9688	0.711484
6.05018	-0.713516
3.42778	-6.0528
7.08566	-0.934813
4.16878	-6.29424
3.67158	-6.55881
4.7514	-6.7697
-6.1166	-5.14379
5.69297	-0.806761
-5.33094	-9.09578
-2.25519	-10.8816
4.57465	-5.98023
-6.89999	-13.2222
3.14812	-6.569
-1.951	-13.6217
4.07831	-6.35892
4.96742	-1.68345
4.60304	-7.04548
3.71067	-6.69611
3.87594	-6.36041
-10.1157	-14.5686
-5.47124	-14.1187
-7.3933	-9.53318
-6.70588	-6.38058
-2.46245	-13.465
7.41676	-1.05666
-2.39746	-11.4485
-5.3916	-9.41111
-7.55121	-5.29606
6.41789	-0.652277
3.64537	-6.72184
3.88704	-5.66559
-6.79645	-8.70243
-3.82495	-11.6165
-5.907	-8.03318
-7.94494	-10.8576
6.66499	-0.920116
4.90988	-5.938
6.00519	1.13736
-6.57355	-9.98646
-3.02718	-9.19532
-3.62581	-8.64524
7.33528	-0.783833
-4.18956	-10.7059
-4.45232	-16.8955
3.93374	-6.53319
8.00878	-0.269076
7.08292	-0.109787
4.44424	-5.7161
7.2583	2.68231
4.29107	-6.59517
-8.14722	-9.68124
4.36876	-6.63311
5.45584	-0.637043
-4.63141	-10.9923
1.08561	-13.0228
-8.73699	-4.41297
6.77518	-0.684813
4.51975	0.491438
7.68549	0.372606
4.99176	-6.30261
3.79587	-6.41223
7.90592	-2.23267
6.77107	-0.938982
6.4987	-1.71329
-10.1757	-6.07617
-5.66909	-13.5479
-6.29359	-6.11288
6.47268	-1.29207
-5.73007	-3.65443
6.17729	-0.802403
-7.92674	-11.0661
-3.81648	-9.93701
3.6735	-6.88943
-4.72497	-9.02264
4.4457	-6.15122
6.58813	-0.0989252
3.95985	-6.16732
-3.07823	-5.56089
3.94331	-5.72276
-3.69034	-12.2185
6.44133	0.0554468
-2.479	-11.8326
-6.90077	-8.97517
-5.504	-9.15845
5.49341	-6.59024
-1.15355	-8.31585
7.20654	-2.68029
6.27581	1.14505
7.36116	-1.84948
6.94192	-1.12008
6.25068	-1.1578
3.49583	-6.74162
4.186	-5.88272
3.03614	-5.77462
5.24161	-0.254849
4.33466	-6.32366
-7.4517	-12.4989
6.47493	-1.45431
4.90009	-6.25889
7.17048	0.566363
7.74057	0.190866
4.19094	-6.0675
4.37215	-6.2279
-6.38851	-7.01111
-6.9577	-13.1213
-5.71959	-6.91052
-5.43405	-9.25272
6.825	-0.0307744
-7.92136	-14.1496
4.18768	-5.85653
-9.77137	-4.80027
-7.72982	-11.9374
-4.28567	-8.33046
-7.97001	-6.30946
-1.65191	-11.5131
6.38764	-2.04892
-7.27832	-12.3
-3.72273	-11.4568
8.47489	0.299337
-5.05499	-11.2173
-8.88681	-11.2258
4.6277	-6.09416
7.11316	0.00252399
6.52006	-0.826713
6.72401	-1.5541
4.78647	-5.43925
4.60851	-7.1436
7.16455	-0.283912
3.94818	-4.95712
-5.27771	-9.42898
6.03769	-1.3482
6.00533	-0.553894
-5.40818	-9.48274
-3.78339	-12.1467
-4.98787	-12.8887
-4.21884	-11.0748
4.66093	-6.90774
5.0208	-1.52027
-4.76751	-7.33686
7.15262	-0.192851
-3.60987	-4.00358
7.7706	0.707467
3.80068	-6.48564
3.83069	-6.19537
7.34728	-1.24302
4.34093	-6.10551
4.51884	-6.50252
-5.18315	-1.33828
5.04076	-6.81571
6.39543	-1.54049
-4.5372	-10.2745
-7.88218	-11.8529
-4.14747	-4.9009
6.41773	-0.981779
7.12649	1.21115
-7.45443	-6.45288
-8.42754	-10.2566
4.04935	-7.66049
-6.48222	-2.38115
7.28683	-1.68569
6.0006	0.22996
-7.25659	-16.073
-5.38629	-8.10423
8.58282	0.222709
-4.47367	-8.56346
3.02608	-6.42054
6.57327	-0.603166
4.6249	-0.366742
3.93092	-5.68934
3.74446	-6.6326
4.85689	-6.03712
6.64595	-0.596485
4.34661	-2.08816
3.90254	-7.00213
3.42641	-5.44563
3.47614	-7.81205
5.46862	-0.418654
-5.81169	-10.0312
4.98931	-6.5522
-3.95628	-8.23766
4.74208	-6.81424
6.4055	-1.35086
3.66564	-6.15282
4.13977	-6.70074
-3.87312	-8.27162
-5.7654	-10.1409
4.03111	-6.30079
-4.47654	-5.64135
3.90376	-6.39678
4.14747	-6.14216
-2.39415	-10.4437
6.24506	-1.29821
8.0746	-1.0416
6.00109	-0.925787
-6.60481	-6.25802
6.18874	0.495932
6.11931	-1.03397
-3.93163	-7.86625
4.42784	0.524676
4.83593	-6.44805
-6.66306	-9.78038
6.27329	0.177669
7.20656	-2.18346
6.78769	-1.27219
-7.96124	-10.2826
-6.36566	-9.85889
3.95975	-6.38684
7.31904	1.2218
7.54438	-1.09237
-2.46476	-10.4887
-7.72521	-6.67587
-5.89959	-10.4402
6.58066	0.110483
4.48083	-6.66455
6.03917	0.511017
0.979086	-8.20951
3.86119	-6.72345
3.67351	-6.31621
-4.31566	-6.39066
-8.274	-5.25844
-5.8679	-9.96439
3.68753	-6.49724
3.41983	-6.66379
-7.14295	-8.8814
-4.88421	-10.2411
7.3566	0.470816
-4.81654	-11.3184
7.70982	-0.645552
5.05013	-6.82943
6.57109	-0.0747589
4.89837	0.410979
4.89692	-6.30983
-3.9275	-10.6202
3.77908	-5.8705
-5.82096	-6.83948
3.76988	-5.95106
4.10439	-7.08778
5.72353	-0.560714
6.45622	-0.233366
6.29027	-1.28271
-4.82206	-14.1334
4.08386	-6.09853
-3.92237	-9.49065
-9.00877	-8.57535
-2.63398	-7.86535
5.98673	-0.250287
-6.99023	-9.66808
-5.94379	-10.0077
-6.07536	-11.3667
4.2677	-6.80216
4.11777	-5.49882
5.27077	0.401937
-10.898	-9.70046
4.05258	-5.94113
3.9704	-6.91651
-7.11337	-7.43044
-7.09179	-8.2267
-4.79743	-14.7085
-9.87271	-10.1966
-5.65822	-12.6294
-7.80541	-12.0396
6.22687	0.0384775
5.57821	-0.876168
-5.81314	-9.43738
-6.28114	-1.59767
3.78728	-5.9628
-6.03517	-7.30249
3.20389	-6.65664
5.93067	-1.18141
4.41303	-6.34097
5.25605	-5.95218
6.63818	-0.273515
6.36565	1.29849
-8.34129	-5.62471
-4.02663	-10.2802
5.49021	0.0309331
3.50091	-6.709
-7.31778	-10.7002
6.99947	-0.0117484
7.15195	-1.39205
4.31957	-6.37063
7.15427	0.963603
6.89038	-0.96443
7.79255	-1.16467
3.74847	-6.4881
-7.73156	-7.57028
-6.53391	-10.6478
4.66316	-6.88863
3.58777	-6.22966
-7.63947	-8.70168
-0.787144	-12.614
-0.27571	-3.76326
5.87496	-0.161846
-1.10532	-7.91965
8.05492	0.153172
4.16008	-6.24391
-6.47723	-8.62437
3.89972	-5.88433
6.33525	0.240011
7.45962	-0.0360132
-5.23691	-10.1008
4.73689	-6.47667
7.59114	-1.57034
6.27053	-0.448469
4.19481	-5.7243
4.78045	-6.15761
-3.47158	-10.9489
4.27608	-5.82321
4.83503	-0.370506
-6.97717	-10.9151
3.7372	-5.44195
6.49154	-1.08307
-3.86159	-12.7019
-6.43455	-7.6507
8.06917	-0.0624219
3.49096	-5.61323
-4.97578	-7.41666
-5.81004	-11.137
4.45565	-6.03067
4.17702	-6.48884
0.587078	-7.66146
3.90294	-6.72831
6.84644	-1.31661
5.86574	-2.16418
6.29117	-0.0939067
-4.46749	-11.67
4.12573	-5.81379
-4.36276	-9.75414
5.1729	-6.55245
6.87938	1.04753
3.41374	-6.30965
3.96841	-6.51428
4.38467	-6.01589
-6.79277	-4.9375
4.68371	-6.47252
6.15442	-0.916255
5.8798	0.543565
4.51973	-6.63398
6.39647	0.450744
3.62557	-5.77696
-8.40946	-11.4139
3.85574	-6.64545
7.31683	-0.958323
-6.01995	-11.0302
6.55625	-0.409686
-5.00833	-12.1013
5.57292	-0.851914
6.39659	-0.231
7.06758	-0.862619
5.20153	-6.67474
3.82617	-6.64973
6.24654	-2.80983
-2.04157	-11.2571
-4.32161	-10.6758
4.88817	-6.59031
-10.5714	-8.02402
-2.27453	-11.9126
-1.72486	-13.9204
4.99478	-5.80528
6.24901	-1.0412
3.65367	-6.13054
-1.11089	-8.5242
3.91454	-5.65301
-8.38847	-7.04595
4.70963	-6.21236
-4.23375	-5.78326
4.81746	-6.42025
5.41212	-1.68814
4.83315	-6.8715
4.71411	-6.77752
5.52296	-1.47532
4.86722	-1.11532
8.40962	-0.596209
4.70842	0.278952
3.8294	-5.85006
4.00402	-6.23406
4.52212	-6.60314
5.96724	1.11147
9.50928	-0.111731
7.06544	-1.17357
-6.50486	-12.4426
-4.19441	-6.27
3.81226	-6.1259
4.52492	-6.23285
2.80807	-5.61781
-2.53113	-8.92085
3.81712	-6.98464
-5.04113	-8.67484
4.39771	-6.19823
4.67443	-6.88152
4.81492	-5.29789
7.45261	-0.343256
5.16827	-1.26076
-3.33942	-6.78947
-6.7119	-6.10442
6.27961	0.604112
-4.45944	-8.94857
5.09039	-1.2019
3.92099	-6.08588
4.27257	-6.57335
4.63996	-6.92299
3.91271	-6.5099
-4.58968	-9.22159
-3.58204	-6.76729
5.38838	-0.230705
7.8011	-2.10435
3.128	-5.87126
-3.74758	-8.24254
3.59366	-6.72306
7.26019	-0.454127
4.59224	-0.0564213
-4.54128	-8.96308
-4.50062	-9.36231
-7.13095	-7.92895
3.90207	-5.61129
4.88766	-5.7815
3.82126	-6.04985
6.68558	-0.17763
6.2077	1.79853
-1.34363	-15.1195
7.33347	0.443183
-4.62562	-8.77683
-6.07433	-11.9429
3.74939	-6.37367
7.33501	-2.36467
1.64588	-7.08435
3.99453	-5.84991
8.31386	-1.75471
6.66338	-1.61222
4.77941	-6.5096
5.04144	-5.90476
4.23264	-6.4438
-5.68997	-9.6467
5.21752	-1.94512
5.96429	-0.353732
7.37251	-1.30276
3.70013	-6.14853
5.29392	-1.30393
3.94204	-6.31491
-3.33746	-7.29628
5.36451	0.575674
-6.88531	-10.8153
4.9515	-6.10805
7.0419	-0.219241
3.84968	-6.26218
-2.73284	-8.28045
5.57994	-2.58658
-9.47186	-8.02969
7.38576	0.28458
3.33389	-6.01495
4.38668	-5.75078
-5.23988	-10.5947
6.77885	-3.1545
-6.0459	-9.45522
7.00581	-0.170255
4.38274	-5.79936
-6.85358	-10.9051
5.09884	-5.72724
4.06653	-5.92058
5.47099	-1.62237
3.62384	-5.50684
-3.94443	-9.38889
-9.82434	-11.0424
5.61383	-1.95571
-4.82213	-13.3562
4.62285	-6.01872
3.97531	-5.93765
6.40603	-1.10561
4.44906	-6.98701
3.67797	-5.73395
6.55157	0.0779931
3.70698	-6.04326
-8.39582	-12.9566
4.30846	-6.02143
4.46506	-7.19081
3.98414	-6.48105
3.96564	-6.87159
3.71996	-5.13564
-6.84947	-6.65881
6.5586	-0.00985184
4.4645	-0.271821
3.78315	-6.12035
7.75481	-0.855744
3.68275	-5.88207
-9.96006	-9.51316
8.37783	-0.0936245
6.52305	0.294185
4.54018	-5.90833
5.77849	-6.94132
-4.09207	-8.56092
4.16459	-6.43765
4.6103	-6.84333
-5.59386	-9.60033
3.9769	-6.19992
4.54386	-6.92502
-11.687	-9.58948
-4.33187	-9.2316
-4.71593	-8.41154
-3.36531	-7.18628
-2.10751	-8.07538
7.05713	1.2989
6.10837	-1.97658
8.50164	-1.15643
4.56588	-5.95693
4.70708	-0.238221
3.40394	-6.05493
-7.8032	-9.43849
3.73729	-6.44466
6.40239	-0.839435
-0.112416	-5.91896
5.34342	-1.27197
6.01768	-1.44724
5.2226	-5.91303
6.63398	-1.28873
4.08236	-6.98285
4.36851	-5.64486
6.04929	-0.520524
0.319063	-12.4738
7.72379	-0.527335
5.46358	-6.35302
3.82219	-6.10063
3.77756	-5.14884
4.98219	-6.36656
4.7057	-0.35876
4.50004	-6.84783
6.10552	-1.37777
6.5879	-2.42994
5.69665	-0.229531
6.76916	0.028152
-6.14674	-9.41904
-3.7121	-8.8288
8.87012	0.240535
4.89278	-6.34256
4.06007	-5.43899
-4.38739	-7.21018
4.49478	-5.61186
6.61783	-0.249565
-4.29641	-14.015
-2.83567	-10.4209
4.65033	-5.5123
5.10989	0.205191
5.90801	-0.429413
3.71639	-6.88275
6.39531	-2.1226
4.9594	-6.03002
5.95907	-0.101965
4.7035	-5.5167
5.89559	1.01373
3.58996	-6.59833
4.36066	-6.67702
-4.37962	-9.02487
-2.97695	-7.46885
3.52461	-5.85534
2.81688	-7.68594
-7.28993	-9.07018
7.07778	-0.686797
-12.3359	-8.16572
7.58501	-0.459352
5.47418	0.71721
6.3148	-1.27119
-5.04946	-6.7394
-6.56396	-7.9867
6.67763	-1.44571
-4.07642	-13.1629
3.67043	-7.05364
3.90333	-6.08221
6.47742	-0.0392781
3.94829	-6.90882
-3.51805	-6.11157
4.73496	-6.42123
3.62772	-5.69581
-5.1675	-7.2759
-7.93223	-8.26473
4.13574	-5.39677
-4.42487	-6.52409
-0.587067	-8.40423
4.25727	-6.13792
8.37027	-1.12859
3.0306	-6.76551
4.57127	-6.79782
7.28267	0.0340399
3.93536	-6.5894
4.12354	-5.56695
4.16867	-6.48466
5.79608	-1.39276
5.79098	-6.34104
-6.14342	-8.14632
-3.90707	-7.3231
4.41603	-6.17913
5.95969	0.85891
6.72741	-0.762503
6.58148	-1.68036
3.71159	-6.39832
4.1031	-7.21089
4.16097	-6.27917
7.84984	-0.447249
6.35343	0.605219
-2.34489	-7.63101
5.80531	-1.42496
4.25667	-5.48006
7.19901	-3.18734
7.62906	1.14762
4.37931	-5.90499
7.10996	-0.0624687
-5.03891	-5.63
-6.98234	-6.44208
4.28809	-5.24331
3.42674	-6.29003
3.32013	-6.06083
3.89807	-6.96565
-3.43633	-8.64944
-2.16239	-10.2704
-3.70973	-8.96814
6.0383	0.36986
3.20796	-6.3267
5.67833	-1.36194
-6.04353	-10.9778
7.01321	-0.532533
7.12082	-1.17483
4.44013	-6.20226
6.4111	1.19789
-5.48045	-8.15222
7.4487	-0.133189
-9.3596	-5.31785
3.67955	-6.09791
6.08741	0.350168
7.90704	0.277587
4.23674	-5.85861
5.51598	0.00983231
6.84772	-1.13018
-9.51638	-11.0295
7.31188	-0.767484
4.76453	-5.36309
3.75584	-6.8318
5.4415	-0.496183
7.80166	0.458308
-6.92146	-9.31221
5.05223	0.264344
6.94852	0.0844564
-2.25611	-10.0691
4.72127	-0.835213
4.3701	-6.01296
-5.34957	-4.91872
4.4959	-6.09388
5.26944	1.59491
5.37916	-0.823683
6.44177	-0.460918
7.2074	0.223775
-4.98814	-7.14829
6.77406	0.376102
5.96915	-1.30956
8.39116	-1.16613
5.76494	-0.305994
-3.06268	-6.09805
5.80691	-1.07038
7.71074	-0.601
-2.08282	-6.95018
5.22463	-7.30414
6.6988	-2.69941
5.84008	-1.20969
4.02218	-6.87809
5.17402	0.903146
7.58477	-0.829013
6.92983	1.13816
4.78157	-5.94959
6.136	-0.441113
-6.26534	-7.86996
-1.39755	-13.0136
5.9424	-0.570662
-7.26284	-5.99617
-4.55756	-11.7853
-5.50917	-9.44354
-7.48643	-9.40043
4.0056	-6.59022
4.85158	-6.64932
-8.82338	-12.5466
7.70955	-0.702722
3.53237	-7.07495
5.72349	-0.57272
7.14919	-1.93055
5.75217	-0.838837
5.18468	-6.36448
3.94391	-6.78829
-7.45961	-11.8786
-4.17906	-7.55459
-3.53222	-8.31141
4.09182	-6.01682
-2.73436	-10.7655
-6.62533	-10.5075
5.2821	-0.473232
6.917	-1.77024
4.54382	-6.64796
5.1344	-0.854883
-9.83882	-10.4217
-10.1376	-10.0029
3.98223	-6.33317
3.5182	-5.7553
6.99612	-0.357865
-9.15236	-8.69926
4.47311	-5.67459
7.99136	-0.0376572
3.67722	-5.974
6.55618	-0.0805633
4.42636	-6.74822
5.83683	-1.30038
-3.49494	-6.95586
-4.56516	-6.61915
0.210299	-7.09444
-8.62593	-10.5867
-8.05884	-10.6807
7.05142	-0.82267
-7.27054	-9.3647
3.94315	-5.75031
-3.06181	-11.815
-6.92796	-12.3072
-9.09361	-12.022
-5.78516	-12.2827
-5.94931	-12.4676
7.35326	0.134034
3.71967	-7.43217
6.62309	1.24547
3.80564	-6.06589
-6.55742	-10.3299
4.22755	-6.60872
-8.08065	-10.8971
4.36153	-6.64719
-4.24649	-12.6323
-5.06983	-9.30952
6.62007	0.49959
-1.52039	-7.05895
6.54939	-2.16607
7.21067	-0.552541
4.52853	-6.39443
3.84366	-6.06509
4.41506	-7.35656
4.89318	-5.38766
7.94992	-1.30583
7.44864	0.533381
-9.56864	-7.86652
6.46448	0.150363
-3.35507	-7.74165
7.95934	0.745889
-5.80456	-6.38464
3.72141	-7.22335
3.62796	-6.16908
-2.92798	-11.0902
-2.27213	-9.74946
5.08242	-1.59216
6.38421	1.63714
4.60576	-7.02951
-6.01024	-7.95165
3.3422	-6.5149
5.0941	-6.73214
4.40178	-2.63052
-2.93557	-12.5835
4.66064	-6.83897
-5.38219	-7.94533
6.7635	-0.44067
5.02395	-0.0141607
7.29181	-1.98803
-3.32897	-9.45254
4.33933	-7.35955
-3.49094	-10.4939
5.48887	-0.732279
4.49286	-5.72309
-5.39429	-9.0786
4.85985	-6.99536
5.72387	-1.02945
7.6783	-1.24693
3.95356	-6.36587
4.25613	-6.67607
5.97559	-1.97971
4.23109	-6.17225
4.70692	-6.73327
4.25622	-6.20667
5.77218	-1.65004
6.09266	-0.489382
6.36507	-0.864963
7.40569	-0.355412
4.90992	-6.17094
-4.22374	-9.09526
-3.23924	-11.2366
7.19114	-1.98123
-6.48132	-10.7821
5.86153	-2.96769
3.71963	-5.90061
5.18238	-0.471981
-5.40973	-13.0036
-5.85284	-9.91902
6.62954	-1.12969
-6.22767	-13.0426
6.78918	-0.483252
6.80649	0.314803
4.92422	-7.61569
7.45182	0.193478
3.17663	-6.05418
6.45933	-1.25677
6.77383	-1.3874
-6.762	-15.4375
3.88061	-6.07353
6.61559	0.361872
4.19397	-6.54027
-8.6626	-5.94218
-5.87593	-8.79352
-1.80224	-2.39763
6.34492	0.476847
-4.72488	-11.4201
4.52599	-6.66712
8.70601	-0.912792
6.97189	-0.116492
4.09481	-6.28053
4.2889	-6.88383
-6.17439	-12.091
4.24421	-6.02683
4.34187	-5.61074
4.42329	-5.36929
-6.32969	-12.1018
3.93795	-5.96147
4.98153	-6.17683
-5.72808	-11.7761
4.2459	-7.64566
-7.11356	-11.7657
-6.61925	-12.8161
-9.47319	-8.13252
6.15855	-0.499118
3.9659	-6.11796
3.79266	-6.41985
5.72974	0.414796
7.03576	-1.07616
3.9029	-5.15123
7.07505	0.378042
4.41653	-6.63622
-6.67068	-8.68715
-6.12873	-9.05438
6.01808	-0.0593042
6.77458	0.29841
8.4537	-1.25872
-5.09284	-7.84128
6.94778	-0.895088
4.25469	-5.55299
5.57596	-3.65462
-7.2013	-14.8932
-6.17872	-6.51233
4.37492	-6.40929
6.72538	0.559638
4.77868	-6.163
5.55933	-1.8097
-6.18283	-8.77344
-2.71194	-12.5728
7.22343	-0.775158
3.39665	-5.09749
4.48167	-0.500184
4.54599	-5.51643
-5.23535	-9.30103
-4.7981	-9.70967
5.75659	1.29055
4.61396	-5.7417
3.92477	-6.34965
7.56304	0.186022
3.55057	-6.42705
-4.73904	-10.5181
3.86234	-6.04942
-4.33393	-11.7296
4.01184	-5.41778
-0.254938	-13.1031
4.65442	-6.16593
3.74129	-6.20195
9.75998	-1.58271
-6.54696	-5.45396
-5.17657	-10.1528
-3.06443	-6.34025
-9.49184	-10.5731
8.10713	-0.669945
6.18419	-1.96175
3.99476	0.294125
-1.63013	-12.2117
4.54897	-6.78069
5.02214	-5.46106
-7.54715	-9.1498
-9.23156	-9.26664
4.35618	-6.59023
6.31349	-0.253434
4.36905	-5.94504
4.93656	-7.31872
6.29628	-0.328491
6.4669	-1.84383
4.10895	-6.52085
2.87329	-6.03586
4.5967	-5.8434
-4.67486	-8.44659
5.82806	1.06284
-0.895639	-3.76132
8.43166	-1.49561
4.4851	-6.05613
4.61565	-6.24964
6.91917	-0.904963
-8.44909	-6.22913
-3.54379	-11.3461
4.24366	-6.20405
-4.33288	-7.42527
4.41938	-8.7965
3.10198	-5.39209
-6.53453	-8.53412
4.7389	-6.59117
4.31586	-5.95522
-3.7391	-8.77177
6.24232	-0.348452
5.24913	2.06721
3.43674	-6.97626
5.20406	-5.79049
-6.83988	-4.52246
-3.52589	-8.03579
-5.46999	-13.104
4.83486	0.596121
-2.97437	-8.87063
6.63599	-0.206147
-4.57453	-10.0869
-6.20985	-9.05583
4.46851	-6.58533
-7.33789	-8.99322
-7.68232	-10.0501
5.35487	-5.74003
4.45384	-6.15174
6.6199	0.102322
-3.63658	-11.5246
4.3345	-6.36879
4.63597	-6.27853
7.18677	0.356029
7.05499	0.95791
4.64486	-6.38868
7.08607	-1.44692
4.32957	-6.83823
-9.64663	-12.241
-7.08415	-8.88771
5.87375	-0.0553582
4.90055	-5.7825
7.04055	-0.694856
4.48289	-6.26291
4.34244	-7.60041
7.43056	0.0877078
-4.62496	-11.9798
6.98605	-1.99761
-6.8477	-6.45465
6.36589	1.29892
7.41687	-1.78784
5.78786	0.0499103
5.39108	-0.457927
3.20611	-6.53683
-4.04989	-8.85251
6.41266	-1.42717
8.08226	-1.81597
4.44262	-6.25105
4.25415	-6.52377
0.408451	-5.84853
-5.20864	-10.3006
4.28904	-5.99461
5.14593	-0.485346
4.97129	0.894192
4.20483	-6.28299
4.86471	-0.327609
4.80081	-0.607299
-3.80485	-12.3081
6.17051	-0.128126
-4.35898	-10.4149
3.63325	-7.55523
6.39629	0.150216
-9.44754	-4.6743
-9.84512	-10.9738
4.5608	-5.98142
-6.47073	-11.5126
7.19313	-1.56212
-9.00096	-12.7274
4.35776	-6.38695
4.29145	-6.06777
7.4385	-0.73368
3.78648	-5.88864
-7.81232	-9.58832
-8.49427	-6.17766
3.82804	-6.07152
-4.76069	-7.52613
-7.26788	-4.06363
-6.97393	-4.52662
6.09065	-1.56888
4.46118	-6.50889
3.95427	-6.15557
6.93188	-0.733298
5.12624	-5.74215
-3.93643	-11.9914
8.09856	-0.906955
7.32746	-0.0154206
-1.82655	-14.8068
-2.25086	-6.85536
8.97472	-1.30363
5.19613	-6.18618
3.29617	-6.28878
9.72821	0.306745
7.0838	0.605876
-6.20511	-9.67176
7.01143	-0.386894
4.4473	-6.16912
7.09552	-0.354848
4.54611	-6.19913
5.35828	-1.11439
-7.01444	-10.5844
4.42404	-6.01444
4.19292	-6.03049
-2.48392	-8.45019
5.92777	-2.40711
3.98783	-7.04207
4.84822	-7.27332
-4.57581	-11.7341
-8.11653	-9.87195
3.93236	-6.65357
4.31377	-5.3428
-4.33967	-10.3971