-0.14299	0.991705
0.608417	0.798313
0.109405	-0.0380727
0.0986197	0.992282
1.99474	0.19819
0.819003	-0.438328
1.28385	-0.507876
1.95084	0.341208
-0.416417	0.873582
-1.04535	0.0893396
0.955688	0.104839
0.991208	0.0806737
1.87548	-0.00607685
1.35508	-0.44053
0.532743	-0.380803
0.324562	1.02931
1.63028	-0.255557
1.45182	-0.463424
1.77971	-0.140809
-0.983616	-0.0220973
-0.00216473	0.371541
1.11083	-0.458506
-0.0078424	0.961516
0.732114	-0.579182
-0.971906	0.166881
-0.152632	0.962147
0.484069	-0.368757
0.934128	0.66123
1.58676	-0.309665
0.216418	-0.159899
0.423736	0.868853
1.89706	0.146241
0.727535	-0.361853
1.16686	-0.48358
-0.0347305	0.933563
-0.75973	0.59634
1.6024	-0.24985
0.365875	0.938222
1.47843	-0.299519
1.32248	-0.397113
-0.767183	0.701341
0.0414357	0.0736816
0.681146	0.659191
-0.880292	0.470586
1.89633	0.0884299
1.04024	-0.576827
-0.819032	0.661102
1.03597	-0.429565
-0.891056	0.464476
1.96028	0.384398
1.9719	0.314068
0.853111	0.621586
-0.909151	0.346055
0.455623	0.879031
1.6919	-0.26825
0.285098	1.00975
0.633766	0.780587
-0.103019	0.989036
-0.0133158	0.130576
-0.98184	0.170582
-0.227166	0.928989
0.556505	-0.358327
0.826605	0.608331
-0.394117	0.913531
0.932554	0.54216
1.90315	0.0693295
0.0796877	1.00836
1.80716	-0.195369
-0.912264	0.660779
-0.6706	0.797706
0.825729	0.580418
0.733244	0.705541
0.478944	-0.477879
0.0661633	0.0496239
0.573712	-0.510579
0.495319	-0.370243
0.79384	0.581566
2.04621	0.356116
1.27023	-0.520213
-0.00267926	0.291852
-1.05568	0.0957578
0.57896	-0.40868
1.60167	-0.330928
1.04928	-0.531805
0.891657	0.589822
0.205985	1.04672
0.284283	-0.270318
0.461756	0.90443
-0.560849	0.801717
0.00482252	0.485509
0.767898	0.835261
0.341877	-0.267295
0.967372	-0.548284
2.03802	0.197203
-0.300301	1.04615
-0.558798	0.816673
1.67996	-0.237862
0.124221	0.0871805
0.329301	1.00705
1.59722	-0.355226
1.33413	-0.443358
-0.00362368	0.977154
-0.656827	0.694686
1.84299	-0.0331656
0.7446	0.830705
1.10048	-0.519011
0.84426	-0.514439
0.310058	-0.283517
0.361762	1.02494
0.859377	0.527122
-0.840197	0.528421
0.861722	0.339576
1.95764	0.305625
1.91116	0.14977
1.96719	0.449513
1.19577	-0.511346
0.90035	0.47306
1.68244	-0.291976
-0.956043	0.0189718
1.57444	-0.283429
-0.819259	0.512141
0.724056	0.790557
0.167328	-0.0826207
2.05088	0.436749
1.82117	-0.140201
-0.452282	0.843905
0.278957	-0.143495
-0.3955	0.924509
0.640151	0.86969
0.438358	-0.455608
-0.0569013	0.251246
0.496069	0.938961
-0.959938	0.100191
0.464261	-0.373085
1.28513	-0.413475
1.59252	-0.322129
0.199192	0.972788
1.83042	-0.0822999
0.253431	0.949094
0.0993968	1.02718
1.6456	-0.206778
0.899127	0.402641
0.718974	0.659981
1.02005	0.1849
-0.357898	1.04327
0.978559	0.0935833
1.93462	0.109479
2.04971	0.329836
-0.68007	0.704037
1.62532	-0.352068
0.217216	-0.185032
-0.163681	0.985633
-0.995671	0.125913
0.00130147	0.404018
0.852931	0.67121
-0.896281	0.233988
0.484237	0.945985
0.9815	-0.575437
0.0501458	0.0128093
0.842271	0.683992
1.0563	0.131717
1.12076	-0.528114
0.0394117	0.299795
1.80946	-0.091627
1.07526	-0.487738
0.0404771	0.0329023
-1.00745	0.283223
-0.840256	0.608181
-0.69372	0.685102
0.236048	-0.183877
0.930566	0.132154
-0.787319	0.730735
0.7363	0.718571
-0.259765	0.90827
-0.041773	0.203929
1.70789	-0.28054
0.947274	0.448898
1.85014	-0.0735678
1.98934	0.394202
0.387749	-0.252072
-0.929113	0.238466
-0.880068	0.573501
-0.627769	0.683227
-1.03943	-0.00437054
1.35826	-0.412956
1.68542	-0.25152
-0.311332	1.03161
0.793384	-0.511922
1.87317	0.110633
1.73275	-0.0716721
1.25479	-0.425599
1.95285	0.0242598
0.946642	0.437318
-0.48825	0.945779
1.23796	-0.397912
0.00236443	0.365658
0.468488	0.932
1.53153	-0.369241
1.68253	-0.1013
0.617428	-0.420731
0.74217	-0.442503
-0.240852	0.876457
-0.952263	0.00161523
0.427387	-0.37162
0.325745	-0.231199
0.104557	0.3188
0.587941	0.800323
0.293857	0.940379
-0.555975	0.846696
-0.570084	0.775673
1.92181	0.222069
0.333614	-0.218823
0.696619	0.688015
0.227252	-0.141737
-0.775944	0.732276
0.906256	0.42572
1.72061	-0.237616
0.987882	-0.530907
1.73288	-0.122187
-1.0536	0.336268
1.4701	-0.47424
0.515176	0.799735
0.0300808	0.0148115
0.214165	0.00566119
1.30882	-0.414986
1.33686	-0.546499
-0.289439	0.924819
0.945876	-0.52435
0.810553	-0.439225
0.0807924	0.166122
1.93274	0.317865
0.544871	0.824936
-0.812345	0.609745
0.581422	-0.473741
0.643233	-0.399829
1.81732	0.168138
0.811829	-0.413031
0.217955	-0.04105
0.606514	0.764725
-0.950369	0.483847
-0.177595	0.948603
-0.0150439	0.367717
0.0362032	0.293668
0.348576	-0.206287
0.10971	1.06138
0.743204	-0.43865
0.0353363	0.287886
-0.923375	0.412567
1.00579	-0.488303
1.36139	-0.475652
-0.56579	0.897581
0.873832	0.448181
-1.04671	0.11406
-0.836967	0.380205
-0.781762	0.703635
1.4662	-0.373781
1.78156	0.0180111
1.16039	-0.483043
0.629768	-0.421214
0.957856	-0.526494
-0.406669	0.860276
0.677051	0.819289
-0.895049	0.582301
0.695718	0.757209
0.0474576	1.02027
0.112544	1.03348
0.0165524	0.084605
0.462833	0.933506
-0.259657	0.946656
1.01203	0.311044
1.15359	-0.474399
0.64901	-0.441267
1.01164	-0.0900753
0.84024	0.555879
-0.983016	-0.0192278
0.685351	-0.416911
0.587412	0.805259
0.679675	0.666621
-0.489843	0.860904
1.04979	0.0998421
1.41708	-0.364545
0.350864	-0.25791
-0.213275	1.00629
-0.783148	0.740512
0.818079	0.358703
1.40937	-0.461425
0.387808	0.879263
0.764609	-0.502674
0.710706	-0.495747
1.02299	0.0369798
-0.984263	0.00116858
1.65003	-0.175002
1.75917	-0.15193
-0.557677	0.774013
0.960012	0.411208
0.531823	-0.299934
2.02352	0.292568
1.7564	-0.163688
0.00977	0.369194
1.89545	0.0784775
-0.139011	1.04016
0.948674	0.0909751
0.825132	-0.575239
-0.851796	0.519847
1.79595	-0.000267587
1.07908	-0.513621
-0.614572	0.737638
-1.02714	0.0940335
1.95143	0.369123
-0.733383	0.702488
1.82999	0.0294748
1.5244	-0.382554
0.958249	0.317613
2.04275	0.476185
0.0314921	0.444726
0.922086	0.0335005
-0.63129	0.696027
1.86035	-0.0346425
0.724661	0.678195
-0.0115507	0.98551
0.413427	-0.345199
1.33548	-0.401888
0.358695	-0.350834
-0.601122	0.840367
1.04722	0.183253
1.71914	-0.362037
-0.125517	1.05327
-0.217964	1.01983
-0.201283	0.944398
1.37944	-0.422778
0.4612	-0.304895
-0.898423	0.428332
1.77677	-0.120259
1.02668	-0.451563
0.965263	0.316425
0.0692936	0.389724
0.994338	0.495307
-0.484063	0.86569
1.65713	-0.389074
-0.5121	0.87569
0.527932	0.927987
1.78769	-0.103104
0.960247	-0.0236793
0.874991	-0.588827
0.22561	0.000580769
-0.214284	1.00975
-0.948332	0.11115
0.147101	1.00192
0.744029	0.66059
1.93393	0.499958
0.477835	-0.309645
0.874372	0.371144
-0.325094	0.993682
1.04671	0.166129
0.541034	-0.335036
-0.807846	0.545055
0.696386	-0.419886
0.930213	0.474843
0.98288	-0.545874
-1.03667	0.274066
1.78165	-0.0504135
0.510364	-0.384775
0.867241	0.420733
1.91423	0.106286
0.935274	0.297111
0.900743	0.297026
1.94386	0.423264
1.82775	-0.136805
1.6184	-0.439642
1.55652	-0.37788
0.0670695	0.363117
0.671133	-0.425901
0.502789	0.92643
-0.572808	0.889799
0.419885	-0.354634
0.999708	0.242546
1.98906	0.366578
0.0639451	0.915173
2.02804	0.451552
0.0196773	0.462239
1.96886	0.35141
-0.889228	0.339746
1.17811	-0.480634
0.159614	1.01257
-0.326365	0.941082
0.366756	0.969372
0.74136	-0.491707
0.0299838	0.396111
0.507775	0.841592
0.82527	0.571339
0.106591	1.00865
-0.159142	0.964388
-0.530036	0.835137
-0.276877	0.984101
-0.471752	0.932929
-0.304775	0.941209
1.91383	0.161896
-0.63715	0.744548
0.0178939	0.143929
0.103554	0.0850313
0.891551	0.435847
1.50356	-0.384379
-0.981075	0.196689
0.78208	-0.542895
0.0922471	0.162974
1.74893	-0.0239386
-0.935242	-0.006042
1.81363	-0.0606773
0.168475	0.179284
0.463668	0.827605
-0.162461	1.02636
1.03069	-0.405893
1.71249	-0.310826
1.97195	0.0992657
0.230348	0.943306
-0.393555	0.8441
-0.764853	0.542741
-0.049003	0.193288
-0.806479	0.59872
1.10824	0.035205
-0.562923	0.830769
1.19309	-0.497649
-0.669547	0.639363
-0.0351903	1.02516
1.7051	-0.121473
1.90867	0.00818996
0.139667	0.0335545
0.108612	1.01916
-0.560805	0.774936
0.951032	0.136309
0.380862	-0.258016
1.37353	-0.37277
1.68067	-0.294114
0.809757	0.532661
-0.694224	0.659283
-0.0120617	0.364005
-0.235377	0.903029
-0.997302	0.054277
-0.83293	0.556638
0.889979	-0.431646
0.199152	-0.0833102
-1.02193	0.197159
0.67771	-0.463072
-0.342095	0.901886
-0.15676	1.0626
0.323762	-0.266756
1.37295	-0.382682
0.344102	0.886956
0.792461	0.456106
0.348489	1.00041
0.850327	0.430987
-0.809019	0.503687
0.259752	-0.122821
0.952257	-0.419203
0.403907	0.885731
0.661533	-0.422892
1.92942	0.00405509
0.737176	0.715747
-0.983825	0.450746
1.41371	-0.371442
1.50761	-0.393637
2.01955	0.2504
-0.663582	0.662701
-0.887573	0.451349
-0.556228	0.937431
0.930647	0.380166
0.0721424	0.391859
1.46926	-0.247643
0.938664	0.303853
-0.779796	0.706848
0.976155	-0.495573
1.69252	-0.322221
0.695112	0.612121
-0.959999	0.569574
-0.156879	0.986181
0.548281	-0.300242
1.40785	-0.423188
0.0152102	0.137485
0.0974931	-0.0390713
0.792638	-0.457031
-0.0522221	1.03625
-0.924673	0.329591
0.462561	-0.355781
1.9819	0.188928
0.292286	-0.162801
0.343994	0.863321
0.157478	-0.13705
0.166066	0.0245976
0.452858	-0.380559
-0.160378	1.05681
1.04012	-0.442393
0.884075	0.421099
0.00943062	1.09788
0.367088	-0.264498
0.690057	0.691658
-0.243662	0.978805
1.75177	-0.187314
0.583603	0.773213
0.430358	0.899601
1.67122	-0.211325
1.993	0.327183
1.30546	-0.399877
1.02696	0.143011
0.127113	1.05682
-0.657219	0.631676
0.911048	0.0107748
0.696497	0.722292
1.0114	-0.46811
0.595581	0.755316
0.168438	-0.0904504
1.01799	0.0344434
0.343885	-0.0447993
1.01101	0.207408
0.326559	0.937819
0.660692	0.803468
1.96719	0.0706831
-1.05593	0.0465814
1.92798	0.0714242
0.668311	0.666583
0.124334	-0.0177859
0.65971	-0.348934
0.609101	-0.51289
-0.840088	0.442311
-0.555182	0.614056
-0.491867	0.886222
-0.95395	0.252036
-0.671367	0.741568
0.62458	-0.385593
0.529414	-0.449676
0.182163	-0.0871786
-0.647932	0.726155
0.265512	0.874924
-0.0105481	0.450618
1.74913	-0.0191373
-0.417535	0.972057
-0.94172	0.19424
0.348495	0.968754
-0.919806	0.513511
0.0761541	0.109221
1.58642	-0.474775
0.872055	-0.547233
1.48797	-0.409556
0.732712	0.60325
0.0994943	0.156144
-0.159699	0.96276
0.430219	-0.363708
0.962807	-0.548531
-0.538792	0.861918
-0.762644	0.647652
0.95877	0.43041
1.31094	-0.404113
0.490812	-0.283933
0.51815	0.846247
0.808442	0.573972
0.324256	-0.279683
0.913646	0.352504
0.704811	0.755809
-0.675871	0.698899
1.24337	-0.390062
-0.949417	0.485086
0.851475	-0.515158
0.0563533	0.128826
-1.07592	0.0187814
-0.89688	0.196064
0.660042	0.756106
2.00647	0.472161
1.32979	-0.481672
0.0102497	0.0766569
1.58557	-0.377422
1.71605	-0.347512
0.00516697	1.04817
0.0259476	1.01353
0.855763	0.426304
0.151171	0.015946
0.0354046	0.145694
0.498433	0.798512
-0.524044	0.80302
0.925948	0.337302
0.304513	0.917878
0.198857	1.11142
0.983258	-0.527065
1.42504	-0.397765
1.67115	-0.11334
0.359649	-0.194903
1.25382	-0.503545
-0.788874	0.607479
1.75547	-0.1147
1.97669	0.431842
1.76247	-0.191485
1.05335	0.270726
0.837013	0.497621
0.570424	-0.335163
1.44559	-0.441675
0.0329407	0.223674
-0.563426	0.843917
0.814121	-0.416184
-0.236108	1.00769
0.492344	-0.344953
-0.999723	0.263274
1.04779	-0.571626
-0.903787	0.259089
0.91247	-0.432059
1.01823	-0.537742
1.35737	-0.424032
1.00567	-0.00603814
0.0753042	0.0995037
0.235492	1.00927
0.379457	-0.153012
0.878319	-0.417779
0.144323	0.0823243
1.47575	-0.369831
1.82531	-0.105541
0.404424	-0.237615
1.06487	-0.477697
-0.822429	0.547691
0.0335189	0.103501
0.0956128	0.287549
0.83294	0.521391
1.90863	0.230857
1.74987	-0.160733
0.718611	0.649269
-0.812169	0.562965
-0.439753	0.863846
0.248438	-0.127474
-0.0224683	0.239597
1.48475	-0.400635
0.936012	0.354978
1.2382	-0.44262
2.05485	0.38684
-0.884938	0.457128
0.000773335	1.03444
0.440154	-0.448527
0.00960673	0.535232
-0.0233711	0.414984
1.6523	-0.253578
1.94491	0.164643
0.514376	-0.311204
0.0933785	0.379996
-0.0164524	0.256704
-0.776837	0.688953
0.687847	-0.401931
-0.957928	0.0576795
0.430976	-0.368775
-0.88103	0.484073
1.6015	-0.200896
1.9913	0.461328
1.25061	-0.482152
1.73623	-0.0291815
-1.02618	0.10117
-0.969587	0.0701294
0.143804	0.234316
0.191258	0.981792
0.913132	-0.555997
-0.213077	0.86952
0.936207	0.119975
1.62072	-0.370993
0.044332	0.578896
-0.742433	0.613026
1.41507	-0.331067
0.833025	0.577683
1.98955	0.33698
-0.927765	0.141607
0.934472	0.0517102
-0.91008	0.338091
1.9334	0.135102
0.608443	-0.385686
1.94835	0.0340657
0.170473	-0.0587298
1.86465	-0.0353856
0.315368	1.00864
2.0921	0.45911
1.42493	-0.437378
0.309915	-0.16082
-0.8289	0.622929
1.43671	-0.324692
1.90001	0.0733597
0.533943	0.810509
1.84847	-0.132074
0.241683	-0.0992
1.98752	0.375223
-0.612302	0.820093
0.0302646	0.991699
0.752472	0.692207
1.66447	-0.297216
0.506022	0.923702
0.0162999	0.252097
1.52373	-0.338398
0.788055	-0.464358
-0.934191	0.477531
0.0543471	0.341531
0.114861	0.0947475
0.397291	0.923281
0.592999	0.843014
1.08487	-0.465391
1.56326	-0.320798
0.896536	0.200781
1.70911	-0.13961
1.1888	-0.579987
0.271088	-0.294692
0.115977	0.194536
0.970768	-0.479941
0.32527	-0.27825
0.360197	0.85417
0.951507	0.326064
1.60336	-0.354845
1.56055	-0.436895
0.753743	-0.490326
-0.653713	0.741978
2.09328	0.401062
-0.63809	0.67841
-0.90334	0.495125
0.966482	-0.442279
-0.840501	0.465686
0.811132	0.684343
0.00384823	0.963512
0.879397	0.520273
0.251381	0.947015
0.786892	0.570601
-0.894125	0.538681
-0.881217	0.221252
2.04351	0.167369
-0.466866	0.937047
-0.898027	0.341357
-0.926613	0.175441
0.920259	0.0555851
1.99265	0.180944
-0.883806	0.0810774
1.89382	0.0164999
1.39226	-0.462851
1.39297	-0.559544
-0.864405	0.465175
0.120871	0.074846
-0.751093	0.818838
0.532459	-0.446586
-0.348454	0.956458
0.27532	0.92854
1.63301	-0.354952
-0.373535	0.918646
0.225975	-0.274316
-0.88177	0.397615
1.9822	0.110321
1.96051	0.423892
0.289136	-0.181296
1.87581	0.225993
1.50922	-0.370062
0.165605	-0.0832995
1.82182	-0.160146
1.38993	-0.37303
-1.05365	0.138738
-0.475148	0.902699
1.91276	0.272997
0.916017	0.350245
0.0423479	0.117912
-0.387102	0.950046
0.11532	-0.0789954
0.954901	0.302754
2.06	0.294968
-0.0293557	0.0978689
0.110047	0.115089
0.184948	-0.108123
0.313034	0.989652
1.55987	-0.320654
-0.569682	0.849581
-0.96773	0.333181
0.993052	0.32382
0.940524	-0.53074
-0.970613	0.195074
0.929302	0.263506
1.05533	0.214813
1.11707	-0.494943
-0.0391946	1.01287
0.866428	0.539769
0.32051	-0.19192
-0.0475047	0.95244
1.35342	-0.378948
-0.134627	1.01539
0.0283774	0.180639
0.959285	0.14698
-0.200968	0.939512
-0.400141	0.902256
0.563824	-0.435145
0.988974	0.129491
-0.0530624	0.98887
-0.277814	1.01388
0.637376	0.741491
0.386781	0.934523
0.310159	-0.327964
-0.09945	0.342549
1.0708	0.204251
0.933723	0.456661
1.98168	0.269982
2.05614	0.324599
0.0328779	0.183326
0.159568	0.0179363
0.630395	-0.346686
1.7105	-0.109484
1.07702	-0.431281
0.725656	0.676398
0.90216	-0.425291
-0.186388	0.910318
0.782472	-0.426917
1.189	-0.537876
-0.894286	0.432394
0.293495	0.979585
-0.989415	0.372336
-0.822458	0.556411
0.959594	0.204014
0.413467	-0.316236
-0.496915	0.881288
-0.0821352	0.958039
0.633178	0.692589
0.307325	-0.251741
0.969909	-0.49847
1.75603	-0.164996
1.92528	0.274717
1.05247	0.133028
0.0978949	1.01176
0.98656	0.253637
0.406088	0.94195
1.96094	0.106783
-0.162313	1.08047
0.843377	0.477802
2.01944	0.353193
0.911528	-0.57703
1.52707	-0.327901
0.443057	0.911047
-0.0340106	0.483308
0.193573	0.986614
0.713997	-0.452026
0.456471	0.914117
1.45736	-0.363512
0.165747	1.00068
1.84555	-0.0315397
-0.0583694	1.01567
0.840307	-0.452959
-0.794512	0.611367
-0.949566	-0.0802254
0.220125	-0.146174
-0.915433	0.399023
0.391815	0.922305
0.707498	-0.511058
-0.787215	0.535715
0.496808	-0.304268
0.76777	-0.444503
0.607916	-0.392384
-0.930775	0.264916
0.0884945	1.07431
1.41118	-0.377223
0.218365	-0.0805999
0.891758	0.406884
1.29501	-0.529799
0.666939	0.777211
2.03078	0.34817
-0.518559	0.936426
0.549025	0.796369
-1.01479	0.254258
1.82038	-0.0348609
-0.150946	1.01185
0.908675	-0.479982
1.9566	0.102383
-0.85424	0.542036
1.04563	0.139479
0.00916749	1.08144
-0.244075	1.01696
-0.959043	0.276574
-0.591937	0.801554
0.694102	-0.612893
-0.153647	0.981652
-0.884929	0.417086
1.73207	-0.212119
-1.07237	-0.0514196
-0.622565	0.718414
-0.332379	0.870138
0.831357	0.560802
1.60121	-0.231203
0.0259448	0.282782
1.82591	0.0449457
-0.833291	0.596007
1.9108	0.214501
0.110998	-0.00472542
0.201758	-0.190429
1.86615	0.0094092
0.976118	0.187655
-0.33769	0.881575
0.99168	-0.00207098
0.672873	-0.504392
0.665699	0.711023
0.422388	-0.425098
0.331883	-0.148834
0.952716	0.336831
1.00073	-0.436274
0.584085	0.744729
1.52439	-0.304573
0.381154	0.938229
2.01841	0.419163
0.939753	0.354382
0.841951	-0.523191
0.268174	0.947323
0.171603	0.951328
-0.687036	0.849558
0.426511	0.896366
0.899929	0.25264
-0.175401	0.968928
-0.916191	0.37154
0.405402	-0.367781
1.08272	-0.575013
0.149324	-0.0753988
0.170522	0.0476292
-0.37871	1.0292
0.786184	-0.468487
-0.273395	0.991283
-0.368086	0.866701
0.541259	0.857482
1.40284	-0.308474
1.00468	0.0903714
0.236499	1.06289
-0.87803	0.365573
0.0810293	0.182816
1.66819	-0.143724
0.346332	0.909895
0.508516	-0.418883
1.77326	-0.162735
-0.790937	0.617407
0.587687	0.706589
0.9019	-0.52277
0.0270388	0.277377
-0.0144742	0.460651
0.109935	0.116324
-0.878721	0.540047
-0.969567	0.101523
0.764465	0.732442
0.884557	0.555897
0.289956	0.944427
-0.0168384	0.456034
1.24847	-0.45815
0.193757	-0.100881
0.86856	0.419247
0.942808	0.419269
0.12599	0.00238706
1.17376	-0.474422
-0.959435	0.380835
-0.854001	0.375212
0.203483	-0.151138
1.78333	-0.182244
1.27335	-0.563492
-0.97615	0.0640264
-0.689195	0.785808
0.709134	0.766534
0.615183	-0.310681
-1.07535	0.0383767
1.85734	0.0318374
0.905198	0.305852
-0.939296	0.151846
0.12433	1.0651
0.185482	-0.113205
0.0584012	0.123912
0.745817	0.647062
0.408027	0.889917
-0.0976595	0.451583
-0.948623	0.407982
0.0585161	0.326759
-0.267803	1.00608
0.805386	0.608123
1.66277	-0.147019
1.99534	0.398849
0.0828588	0.261424
0.577768	-0.520119
0.503204	-0.45841
0.71161	-0.468646
0.536391	0.905572
1.82092	-0.136008
0.411153	-0.327813
0.609669	0.815757
0.98077	0.320564
1.95674	0.424813
-0.557963	0.806417
0.868599	0.543555
0.926995	0.254837
0.0164937	0.391387
1.9709	0.258455
-0.895719	0.3415
1.43127	-0.373305
1.36862	-0.475273
0.620958	0.806118
0.048604	1.02394
-0.526788	0.783299
-0.782946	0.630347
0.0134836	0.402528
1.12618	-0.477409
-0.00324853	0.404081
0.510446	-0.420336
1.17797	-0.484981
0.104045	0.961566
-1.03233	0.0880887
0.153266	0.136597
0.329964	0.993249
1.43531	-0.428622
1.39209	-0.468478
2.03063	0.229769
-0.431102	0.913684
2.01493	0.073673
-0.629829	0.769127
0.748545	-0.460663
0.8111	-0.508561
0.0700654	0.0867743
0.0728821	-0.0305852
-0.743283	0.550672
0.390931	-0.287347
0.0864348	0.41887
1.12026	-0.588552
1.36275	-0.338241
1.89579	-0.0242665
0.517383	0.868973
-0.189363	0.90177
-1.06829	0.0267085
1.56467	-0.385223
0.552223	-0.427569
0.99673	0.27975
0.00151217	0.25831
0.476442	-0.404942
2.0053	0.262903
0.628783	0.802171
0.562847	-0.536876
0.960549	0.00323072
0.404526	0.905224
1.58083	-0.407517
-0.0286949	0.380327
-0.0268623	0.930305
0.80696	-0.473153
-0.09941	1.03863
0.977156	-0.552097
-0.465905	0.84756
0.35984	0.977787
1.14619	-0.476196
0.622728	-0.510323
-0.886751	0.39024
0.897545	0.462987
0.339158	1.01772
0.870142	-0.558684
0.639322	0.689063
1.95862	0.460535
0.183768	-0.0029228
1.9295	0.472995
-0.718453	0.698359
-0.319322	0.934047
1.11467	-0.5795
1.99445	0.000609535
-0.61877	0.750667
1.93146	0.197709
0.263857	0.942403
0.802525	0.652362
1.16004	-0.461911
0.698655	0.745782
0.00505887	1.11016
1.74025	-0.215505
1.17752	-0.590933
-0.356601	0.943086
-0.836247	0.528212
1.52924	-0.291616
0.99589	0.0767651
1.2291	-0.540093
2.02671	0.0148774
0.0904225	0.966054
0.0408097	0.455033
0.54598	0.904991
0.976456	-0.534489
0.00468985	0.104469
0.822058	0.554069
1.88311	-0.122494
0.916863	0.576632
0.772469	-0.49498
0.140991	0.0061699
1.69549	-0.272773
0.780457	0.662835
0.971346	0.267161
1.08115	0.0440288
1.74361	-0.133607
0.539063	-0.446002
0.97396	-0.526852
-1.02351	0.15944
-0.50921	0.807262
0.533843	0.849641
0.299292	1.0164
0.0230959	1.00766
0.14973	1.04532
-0.954684	0.146522
-1.00056	-0.0240022
1.08395	-0.469012
0.522224	-0.497955
0.216019	-0.235102
2.06921	0.494096
0.844043	-0.510475
0.520897	0.873355
-0.96539	0.214989
0.369036	-0.326194
-0.970042	0.340645
0.661122	0.716457
1.26679	-0.452487
0.445868	0.998391
0.73943	-0.494307
0.775774	-0.472447
0.597941	-0.412173
0.73213	-0.491825
1.92088	-0.0589995
0.324712	-0.284987
0.935997	0.293706
0.930769	-0.472746
0.0624164	0.542215
0.196827	-0.0760183
0.273196	-0.211892
1.83682	-0.0574109
1.06177	-0.487194
0.275061	1.00482
0.973783	0.292037
0.0101534	0.458734
-0.89036	0.541237
0.151859	0.981004
-1.04095	0.259163
0.314866	-0.213527
0.98113	0.0488934
1.99564	0.371547
-0.788448	0.690192
0.210752	-0.0658169
0.25497	-0.261254
1.53374	-0.346628
1.83182	0.0865406
0.490774	0.889375
1.02365	0.0812068
0.962598	-0.535649
0.231757	0.930402
0.575757	0.861354
0.751022	0.581897
-0.64108	0.916651
0.593918	0.802914
1.73102	-0.0637479
-0.0349562	0.433469
-0.703983	0.627151
2.00179	0.397183
1.10458	-0.508623
0.71709	-0.388006
0.521062	-0.35917
0.938572	0.346327
0.0273571	1.04892
1.0194	-0.454243
0.86925	-0.523931
-0.851763	0.515739
-0.298539	1.00229
1.02459	0.0466269
0.199947	0.972585
0.287436	0.977411
0.0687995	0.115788
-1.08427	0.228496
0.505929	-0.426992
0.623015	-0.387894
0.149483	0.936427
0.647001	0.783911
-0.816953	0.428485
1.9682	0.323716
0.633754	-0.294928
-0.895502	0.408397
0.852635	-0.429918
-0.667799	0.73095
-0.347368	0.932687
0.420111	-0.24566
0.408193	-0.262933
1.8052	-0.0498601
-0.894073	0.518849
-0.709605	0.678337
1.35212	-0.367428
1.00288	-0.540127
0.727756	-0.510241
1.02353	0.130725
2.05576	0.394071
0.725497	-0.4533
0.472998	-0.335187
0.0796168	0.45575
2.01753	0.15618
-0.627999	0.782421
0.12409	0.182553
1.92884	0.249987
0.987273	0.145885
1.69235	-0.206496
0.323457	-0.203351
1.43878	-0.338917
0.858235	0.476587
0.606476	0.789332
1.80925	-0.157839
-0.965194	0.370116
-0.835762	0.494416
0.195313	-0.146989
1.73524	-0.206104
-0.904128	0.283645
0.629269	0.805903
0.850696	0.435244
0.973949	0.162694
0.750878	0.518172
0.950473	-0.484222
0.0309818	0.444579
-0.291981	0.933209
-0.508159	0.783394
0.217035	-0.103189
1.40115	-0.447927
0.106988	0.0533502
0.0108877	0.975139
0.554716	0.913053
0.111068	0.176732
1.98291	0.404919
1.97689	0.334968
-0.159127	1.03788
0.198655	0.95938
0.804533	0.511074
-0.292057	0.881646
0.5529	-0.403187
1.7201	-0.242285
-0.132535	0.934058
-0.197073	0.92485
-0.495951	0.919617
-1.00678	0.308225
-0.40897	0.894055
0.0437499	0.340667
0.651692	-0.433818
1.77233	-0.117484
0.579629	0.745654
-0.996633	-0.0133412
1.05013	-0.466578
0.137197	1.02908
-0.989184	0.359024
0.495443	-0.35383
-0.793635	0.607838
0.317194	0.95206
-0.146578	1.05968
0.50512	0.810786
1.9666	0.158807
-1.00544	0.352855
-0.951162	0.0358322
-0.517214	0.864103
0.0661147	0.221066
-0.0303594	0.367565
0.228719	-0.0637072
0.73198	-0.470702
0.619594	0.75432
0.154739	0.113973
0.130779	0.159965
0.715281	-0.393529
0.80263	0.557083
-1.02369	0.160325
1.86339	0.102676
0.958518	0.0777725
1.44913	-0.3295
-0.677812	0.71106
0.0424936	1.01278
1.50121	-0.410902
1.17343	-0.446103
-0.561075	0.743675
0.774053	0.618583
1.37669	-0.366028
1.77426	-0.139701
-0.00370915	0.485095
0.512936	-0.398368
-0.408779	0.884534
1.27969	-0.502979
0.998659	0.161735
0.894697	0.167992
0.362948	-0.291112
-1.01782	-0.00561236
0.078077	-0.0641711
0.0278595	0.341119
1.02912	-0.499517
-0.03266	0.502883
0.779432	0.586729
0.171041	-0.114211
0.0164505	0.530308
-0.0094911	0.329832
0.00961734	0.436851
0.10588	0.958806
0.422466	0.908509
0.176071	-0.0455412
-0.776785	0.683266
1.99223	0.522677
0.86238	0.542291
-0.689964	0.500089
0.93967	-0.435394
0.0756339	1.00576
0.968779	-0.548709
0.147914	1.03861
0.0609369	0.999066
0.453432	-0.333527
0.803253	-0.456017
0.746756	0.68444
1.71317	-0.282779
0.126438	0.00852264
1.41141	-0.457157
0.320911	-0.247287
1.17769	-0.447562
0.469255	-0.40245
-0.0277894	0.199314
-0.134758	0.994024
1.71355	-0.201524
0.0296915	0.361703
1.05177	0.115795
1.47528	-0.396861
0.921592	0.272139
0.383803	-0.324613
0.652096	-0.422709
0.500401	0.822492
0.881352	0.411426
-0.660038	0.777501
-0.798022	0.714231
0.578068	0.792736
2.06945	0.472267
-1.00852	0.228125
1.73985	-0.16768
-0.312738	0.852338
-0.0853658	0.961044
0.00338128	0.374705
0.635539	-0.350083
0.852189	0.523437
1.87359	0.0701101
0.565297	-0.380926
0.987116	0.438649
0.716539	0.818182
0.262528	-0.227116
0.867387	-0.554386
-0.133937	1.02092
0.382592	0.848818
-0.966666	0.0549012
0.125092	-0.0916476
0.832262	0.556726
0.221473	0.9158
1.2936	-0.413196
0.198002	0.988949
1.03916	0.276621
-0.992142	0.237981
0.976924	0.198919
1.56109	-0.441143
0.482553	0.878149
0.892251	0.475942
1.99157	0.24576
0.106472	1.07797
1.30474	-0.488682
2.02342	0.461775
-0.182384	0.971092
0.182791	-0.106478
-0.937802	0.519998
1.00871	0.195431
0.689072	0.732851
1.40481	-0.531771
0.754393	0.582294
-0.718202	0.645263
-0.499609	0.857103
-0.00604067	0.947059
0.416278	-0.216037
-0.654339	0.705899
0.00453413	0.203237
1.25478	-0.476004
0.213003	1.07567
0.587595	0.826883
0.812108	-0.445257
0.00137633	0.127896
-0.910243	0.390161
1.01408	0.287929
1.86603	0.427347
1.97029	0.0650327
-0.889669	-0.0110693
1.71693	-0.206214
0.912302	0.419654
-0.399094	0.781995
-0.900742	0.476176
-0.0533591	0.363825
0.761722	0.617882
0.327306	-0.224924
0.588564	0.845072
0.308712	-0.168441
-0.992478	0.191786
0.85188	0.402096
0.207747	0.169293
0.978528	0.170155
1.87578	-0.0141533
0.16589	-0.134344
1.92413	-0.101975
0.0697857	0.00878045
1.22684	-0.511821
0.260401	-0.302474
-0.14748	0.992399
-0.932472	0.156973
0.315273	0.8857
0.248429	0.931134
-0.153488	0.984798
0.437774	-0.42413
-1.02057	0.0396565
-0.93997	0.363081
0.683885	0.722197
-0.447867	0.786585
1.01046	-0.492513
-0.050342	0.28366
0.899039	0.297595
0.124774	-0.14394
0.502364	0.779952
0.460402	0.790682
1.90946	0.296282
0.411224	0.953276
0.140394	1.06871
1.73773	-0.101917
0.0222352	0.460851
0.66808	0.745715
0.637019	-0.410492
-0.70388	0.638462
0.309293	-0.229201
0.589607	0.706922
0.647982	0.691134
1.95022	0.254887
0.00682242	0.134468
0.100562	0.0239443
0.375162	0.956001
0.964482	0.377829
-0.955039	0.131392
1.49963	-0.373379
1.84939	0.0496281
0.303418	0.962801
-0.991124	0.197896
1.42799	-0.464009
0.88246	0.0815774
1.61191	-0.285268
1.84997	-0.0461765
1.88534	0.0388468
-0.783776	0.528908
1.00535	0.235271
1.57996	-0.305059
0.806819	-0.449376
0.847786	0.633943
-0.704281	0.664434
1.02683	-0.524909
0.233526	0.0514393
1.41325	-0.382947
-0.38226	0.933051
-0.558653	0.772982
1.91537	0.0431476
-0.832831	0.48258
-0.847113	0.527071
0.994147	0.113109
1.95705	0.155338
0.531806	0.929282
0.0777183	0.212769
2.09627	0.413635
0.239715	1.01706
0.469679	0.882879
0.642742	-0.528712
-1.10314	0.159382
1.09834	-0.593376
-0.295602	0.906869
0.572688	-0.303525
-0.698011	0.695341
-0.0274486	1.03259
0.86322	0.375762
-0.253464	0.997405
-0.772009	0.684716
-0.429884	0.899261
0.766812	-0.472419
1.96221	0.284565
1.70194	-0.0932628
-1.06171	0.00370844
1.78296	-0.140078
-0.970349	0.493175
0.10684	0.0759719
0.783003	0.738245
0.0766438	0.202972
1.91739	0.138303
1.06391	0.252031
-0.503158	0.846229
-0.534447	0.792705
-1.04769	0.00740978
0.842312	0.587554
0.999363	0.256369
0.258902	-0.181642
1.77935	-0.170353
1.87175	0.0365045
1.66855	-0.235502
-0.309894	0.970442
1.7866	-0.0968254
1.92543	0.365571
-0.620076	0.781441
-1.08229	0.235105
0.190634	-0.197478
0.778076	-0.514576
0.256807	-0.151189
-0.391082	0.934436
-0.30891	1.04219
0.526875	-0.322565
1.8575	-0.0449276
0.386224	0.907779
1.75822	-0.174556
0.202857	0.991103
2.00249	0.50332
1.92721	0.204569
-0.950823	0.133515
-0.921219	0.193514
0.953786	-0.456638
0.91263	-0.526895
-0.436768	0.9849
0.98167	0.44856
1.55953	-0.303949
-0.865949	0.350826
-0.950696	0.465451
-0.404057	0.979394
0.619297	0.743345
0.236347	0.0955125
0.141787	0.00166365
-0.754663	0.754494
0.78994	-0.456811
-0.665901	0.771333
0.0250006	0.114558
1.71278	-0.22162
-0.00709167	0.290259
0.781806	0.503995
-0.593251	0.861286
0.265195	0.961122
1.21642	-0.444968
0.921298	-0.451169
0.790665	0.568329
0.166162	-0.189297
-0.430528	0.960007
0.742071	0.55613
-0.462995	0.973918
-0.0929921	0.041022
0.93288	0.363588
1.04218	-0.444974
0.120819	-0.147357
0.0508256	0.990819
-0.826567	0.563976
0.332891	-0.164712
0.692852	-0.48391
-0.136399	1.02724
-0.219364	1.02247
0.034354	0.433853
-0.575651	0.91914
-0.872248	0.491161
0.481909	0.822637
1.99899	0.407268
1.00667	0.123196
0.0526559	-0.106168
0.719302	-0.450972
-1.01258	0.104731
-0.136598	0.987453
-0.0190854	0.245249
0.54913	0.772455
0.831238	0.433147
1.6925	-0.203647
0.743424	0.732077
0.414733	-0.373806
0.276866	0.97597
-0.906646	0.722198
0.122078	0.176226
1.88213	-0.102437
0.0190648	1.03578
-0.0275436	0.276798
0.139675	-0.100596
-0.0463799	1.00239
-0.939832	0.313429
0.136663	1.0449
0.551255	0.845886
-0.499389	0.855951
-0.870245	0.517315
0.0768259	0.0539305
-0.727134	0.738112
1.14905	-0.490415
-0.647282	0.855955
-0.943062	0.383045
-0.826164	0.449924
0.0346782	0.248321
0.919029	0.34123
1.92315	0.0184845
1.97334	0.160124
0.0456334	0.41478
0.205126	0.964335
0.722052	0.708383
0.726452	0.710669
0.0831812	0.0818902
1.37239	-0.470137
1.57644	-0.259113
1.32477	-0.473484
1.96443	0.218556
0.852083	-0.515556
-0.989105	0.172493
0.644207	0.799506
-1.01289	0.266389
1.31554	-0.440162
1.46112	-0.357881
-0.772904	0.59342
1.8091	-0.0836597
2.00623	0.361661
0.587624	-0.344178
-0.00577963	0.33897
-0.976661	0.269156
0.144878	-0.208547
0.85133	0.587535
0.850884	-0.533008
0.0664338	0.968078
0.302011	-0.28509
-0.63006	0.802345
-0.688221	0.726602
-0.56715	0.86562
0.765376	-0.522833
1.84001	-0.0588145
0.675052	-0.432421
0.108431	0.173593
0.581712	0.806573
-0.0229454	0.357219
-0.890326	0.426232
0.751139	-0.515274
1.24845	-0.297764
0.932949	0.138808
-0.972197	0.2877
0.873409	-0.491658
0.632837	0.850836
0.469361	0.895565
1.84402	0.0602931
-1.0556	0.188713
-0.655255	0.729708
1.75676	-0.0838934
0.851325	-0.490309
-0.570913	0.876581
-0.678478	0.677312
0.95503	-0.511422
0.19067	0.0711385
1.14515	0.108076
1.00839	0.18284
-0.837503	0.481069
1.72156	-0.152768
0.233864	1.03561
0.504788	0.773876
0.551226	0.951613
-1.02681	0.395179
-0.86633	0.487308
1.48215	-0.33311
0.12981	0.316645
0.936768	-0.434719
1.95267	0.254395
-0.387258	0.905032
0.580301	0.803755
0.687193	-0.400854
-0.972141	0.27589
1.74894	-0.191464
0.366378	0.91175
0.0112499	0.424143
0.452841	-0.23022
1.04464	0.0250427
0.110388	-0.168346
1.23598	-0.487205
-0.959459	-0.0244494
1.72709	0.0632954
1.63274	-0.143421
-0.95692	0.155123
0.801824	-0.465331
2.04262	0.213634
2.01955	0.222737
0.674628	0.599182
0.968089	0.238234
0.668873	-0.483653
0.0514322	0.49422
-0.906875	0.532365
-0.166873	1.01532
1.9862	0.258058
0.119811	0.92541
0.860012	0.488355
0.534597	-0.404603
-0.974422	0.242277
0.611915	0.767612
-1.005	0.062475
0.736881	0.766028
0.829216	0.680825
-0.400525	0.927491
0.781238	-0.489845
2.02281	0.420915
0.302455	-0.360837
2.10909	0.392968
0.324273	-0.330958
0.115954	0.0773616
1.95629	0.230723
-0.31411	0.963794
0.0746646	1.01657
0.220215	-0.0874151
0.597625	0.684965
0.763231	0.55034
1.94644	0.149577
0.941299	0.246121
-0.939837	0.511373
-0.692048	0.727846
0.655524	0.720496
1.95478	0.36205
-0.61143	0.764939
1.01635	0.131792
1.94087	0.514889
1.98577	0.380048
0.561636	0.892877
1.88323	0.0469175
1.96198	0.0577793
1.02685	0.145038
1.15653	-0.436623
2.02938	0.414151
-0.393464	0.948749
0.389858	-0.261059
1.59482	-0.392599
-0.806287	0.634326
1.01714	0.315092
0.909828	0.520651
0.503434	0.873774
1.33687	-0.36989
1.07781	-0.513768
0.183804	0.953587
0.971898	-0.598994
1.84096	-0.0367466
0.592441	0.805349
-0.988204	0.092825
-0.792183	0.600476
-0.543965	0.832646
1.16563	-0.431026
-0.991362	0.0352323
-1.02159	-0.0597899
-0.822856	0.670424
-0.912748	0.215683
0.421719	-0.306088
0.849996	-0.557324
0.942369	0.105647
0.53196	0.817571
1.6347	-0.184197
1.81618	-0.245004
0.483447	0.805276
-0.434964	0.699704
1.11049	-0.530392
-0.65589	0.841384
0.808359	0.55855
1.87407	0.244442
0.963826	0.289598
0.372674	0.880686
0.966306	0.0389226
1.55715	-0.229016
0.415673	-0.226848
0.522205	0.968769
1.57344	-0.367699
0.866338	0.51179
0.911564	0.393245
-0.602047	0.735465
0.0957518	0.295496
-1.00137	-0.00242326
1.1973	-0.42164
1.88021	0.0220427
0.118607	-0.0460089
-0.0873636	0.304638
1.95186	0.276766
0.0228132	0.0275421
0.343837	-0.343198
1.06013	0.239689
1.42289	-0.463008
-0.956706	0.460948
0.460914	-0.315128
0.454532	0.819421
-0.376949	0.886517
0.871874	0.554392
0.122726	0.0703426
1.93197	0.299859
-0.498986	0.909249
1.18299	-0.437264
0.414037	0.913963
1.732	-0.231673
-0.777377	0.662919
1.32597	-0.486582
1.64239	-0.359056
-0.0470385	0.182613
0.402464	-0.319621
0.343566	-0.290169
1.98128	0.194019
1.8406	0.0513067
-0.479789	0.816061
-0.283229	0.914325
-0.826563	0.584894
0.345912	-0.111352
0.022873	0.272441
0.146932	0.985174
-0.137253	0.890381
0.0500038	0.153798
2.03729	0.198884
-0.998904	0.228621
1.36358	-0.431257
0.486991	-0.403796
-0.835008	0.653593
1.85947	-0.0463829
0.108968	0.947452
1.06861	-0.487451
-0.225229	1.06685
-0.0234781	1.01074
1.97947	0.395021
-0.930146	0.351836
1.95461	0.208735
0.797003	0.570429
0.155392	0.00716172
1.51088	-0.370551
1.54313	-0.316286
0.63611	0.825379
2.00506	0.194866
0.127807	-0.0951543
1.94268	0.153344
1.86769	0.0277408
1.85793	0.042581
0.672407	0.703861
1.89685	0.137391
0.103511	0.995296
1.18372	-0.506633
1.03649	-0.000225437
0.581522	0.803539
1.8715	-0.0247558
1.02793	-0.478899
-0.588218	0.775292
0.111493	0.0922191
0.33645	-0.177961
0.756198	0.722682
1.9154	-0.00653088
0.936403	-0.443416
1.56184	-0.323782
1.3243	-0.42715
0.959234	0.246464
1.02917	-0.458937
1.2274	-0.468897
0.755177	0.734097
1.05857	0.0984392
0.0433426	0.94502
0.0335395	0.461408
1.96058	0.608669
-0.78931	0.692638
1.99997	0.211212
1.81663	-0.225393
1.91672	0.0414613
-0.711887	0.587834
-0.330139	1.02486
0.858254	0.520089
0.143085	0.918257
1.14031	-0.484193
0.424918	0.927101
1.01923	0.299001
1.81754	-0.0862341
0.695277	0.762899
-1.02111	0.142725
1.94272	0.227586
0.611269	-0.440925
0.84229	0.398842
0.976539	0.158524
0.982656	-0.448398
0.897963	0.508693
1.7223	-0.237056
0.184309	-0.0121944
0.951652	0.341312
-0.923523	0.430658
0.014706	0.502082
2.01228	0.0733531
0.752076	0.599974
0.127566	-0.141092
-0.478351	0.828735
-0.0488175	0.9627
1.76747	-0.08148
-0.166712	1.01486
0.337356	-0.227127
-0.0343835	0.406566
0.919312	0.276638
-0.493174	0.896512
2.09355	0.37357
0.156331	1.00661
0.175823	0.984408
0.942491	0.426668
-0.353419	0.826676
-0.945675	0.138903
0.462906	0.878419
-0.789104	0.575807
-0.887635	0.318564
1.07429	-0.420579
0.424	-0.321373
1.98966	0.350492
1.68897	-0.190223
0.895526	0.327862
0.0591932	0.913729
0.184664	-0.219402
-0.438938	0.791039
0.441468	-0.298383
0.596457	0.825551
0.97564	0.173091
-0.553503	0.840969
1.16018	-0.552283
0.689028	0.764242
0.621894	0.864948
2.05771	0.371827
-0.968787	0.130511
0.194766	0.955944
0.436997	-0.36256
-0.453812	0.874813
-0.691473	0.658477
0.820956	-0.483778
1.66408	-0.226418
0.899851	0.335928
0.272757	0.937862
-0.498997	0.810195
0.890339	0.414176
2.03434	0.338494
0.785308	-0.583357
0.679181	-0.460334
0.43468	0.980153
1.90198	-0.0303502
-0.936043	0.361347
0.469031	0.875357
0.806169	-0.418343
0.236183	1.10135
0.596454	-0.366775
-0.00239643	0.2037
1.94049	0.0521701
1.30416	-0.561099
0.0583004	0.125479
0.548455	0.771757
0.943517	0.54616
2.01623	0.290279
0.927236	0.307286
0.0929388	0.962871
0.398925	-0.332916
0.960843	0.238089
1.19235	-0.556335
0.947452	0.318271
-0.10827	1.0737
0.308713	1.0419
0.705646	0.691232
0.654688	0.779355
1.62001	-0.278808
1.81015	-0.0502324
-0.603263	0.829903
-0.189775	0.901289
-0.0124711	1.03116
1.50545	-0.340346
-1.00403	0.0730418
-1.0422	0.277399
0.631614	-0.468365
0.0635582	0.309851
1.92489	0.0595766
0.19166	0.96088
-1.03482	0.300716
1.01198	0.207887
0.83816	0.457538
0.600325	0.721771
-0.444563	0.909573
-0.836006	0.416155
0.742693	-0.545424
0.803629	0.536857
-0.964264	0.161405
-0.43461	0.930604
2.09003	0.0597641
0.564855	-0.329277
0.48555	0.83914
0.914382	0.306268
-0.9045	0.375913
-0.934557	0.244867
0.0758107	0.335599
1.63637	-0.184856
0.023787	0.170827
0.826942	-0.465717
0.497596	0.803629
0.820285	0.535181
1.90218	0.036256
0.716461	-0.421124
0.34929	-0.27605
0.966029	0.349205
0.885432	0.548597
1.23513	-0.534136
-0.413021	0.953591
0.0189187	1.01727
-0.0846278	1.09778
1.42013	-0.318292
1.0008	0.363652
0.487986	-0.378423
-0.0801584	0.964729
0.478424	0.877778
-0.878981	0.481572
-0.191523	1.04468
-0.200067	1.01889
-0.712037	0.749
-1.03249	0.0574676
-0.017272	0.45361
1.9151	0.105191
0.945306	0.485376
0.071837	0.984715
0.0348508	0.922395
1.12164	-0.584207
0.462174	-0.369849
0.958714	0.116614
1.26055	-0.52453
0.132921	0.0831198
-0.351594	0.926243
0.854935	0.390159
1.29827	-0.40183
0.00914669	0.421767
1.5887	-0.293366
-0.278986	0.957006
0.824022	0.570939
0.597447	0.81126
1.75913	-0.212806
1.86194	-0.052891
1.51867	-0.315304
1.95753	0.118911
1.66791	-0.25872
1.79428	-0.165966
0.726866	-0.466432
0.782925	0.585773
0.0771094	0.0663944
-0.671871	0.732083
-0.112996	0.980439
0.192498	0.95002
0.184502	-0.101339
-0.971775	0.332307
0.35335	-0.25486
0.693298	0.623309
1.56454	-0.375612
0.0338677	0.33787
1.83475	-0.155554
1.18242	-0.43411
-0.707076	0.793139
-0.895937	0.642308
-0.0382616	1.00304
0.997536	0.300459
-1.06451	0.219939
0.0949669	0.186845
1.2397	-0.390348
0.844228	0.588593
0.924125	0.328266
-0.660933	0.708634
0.929609	0.168384
0.82333	0.521086
0.138292	0.160567
0.0680148	0.516697
0.710152	-0.438632
0.973094	0.292332
-0.936839	0.0221826
-0.964166	0.223972
1.03551	0.0652233
-0.00571688	0.43004
-0.549556	0.827412
-0.86867	0.585825
-0.733222	0.648635
0.0523213	0.97401
0.189888	-0.123018
-0.0246373	0.331154
0.717844	0.725515
0.394835	-0.28392
0.168591	1.01757
0.538866	0.922819
0.146838	0.0891656
1.05976	-0.417736
-0.764241	0.68505
1.43854	-0.396279
-0.483481	0.83819
1.82	-0.0143111
0.560502	-0.350346
-0.705053	0.806134
0.262965	-0.16712
-0.901832	0.498891
-0.63204	0.756038
1.98061	0.417976
0.105635	0.270297
1.98974	0.436843
-0.677457	0.649349
-0.0600746	1.02555
0.334689	-0.227704
-0.831765	0.598243
0.25312	-0.21111
0.426513	0.869302
0.255364	-0.194108
0.858771	0.417651
0.957676	0.135919
0.289084	-0.103122
0.772109	-0.518048
-0.815803	0.549263
1.17296	-0.464519
1.68268	-0.212665
1.20978	-0.481195
0.914746	0.236464
-0.129608	1.06232
0.017381	0.270082
1.5868	-0.188682
-0.00863289	0.997476
-0.0879586	0.942358
0.836093	0.454224
1.65876	-0.126829
2.09771	0.234318
1.8523	0.078785
-0.310861	0.866414
-0.912418	0.361091
-0.260969	0.972328
0.23563	-0.106872
1.8182	-0.165432
1.01455	0.390252
-0.322457	0.934842
2.00683	0.303754
-0.409753	0.952957
-0.186618	1.08278
0.427755	-0.312527
-0.477914	0.863801
0.149448	0.0769444
0.190571	-0.0766361
-0.890003	0.445346
0.355289	0.976358
0.538458	-0.398211
1.88339	0.145766
0.155365	0.945955
0.212414	0.891593
-0.667184	0.760014
0.769314	-0.439921
-0.523853	0.913672
0.0615519	0.226234
1.4109	-0.305341
1.41352	-0.430043
1.07088	-0.381477
1.34547	-0.397493
1.18722	-0.54564
0.929066	-0.468782
-0.454014	0.900422
0.508324	0.852236
0.116794	0.111164
1.0176	-0.0151154
-0.274459	0.847566
0.0147076	0.359614
0.284072	0.923048
1.36877	-0.446847
0.102598	-0.0215476
1.19292	-0.481451
0.992008	0.109004
1.63815	-0.23806
1.9506	0.0752472
0.362276	-0.272312
1.94774	0.0814898
0.0510118	0.218891
0.168666	-0.0286185
-0.542253	0.733138
0.218053	-0.0834932
-0.934628	0.145223
0.505186	-0.41928
0.473299	0.852745
0.0262793	0.414789
-1.05812	0.00389739
-0.651324	0.703433
1.65784	-0.247739
0.971118	0.105655
-0.616758	0.732321
0.734297	0.523583
0.81267	-0.500765
0.970181	0.0435724
0.675578	0.761793
0.701653	0.779816
0.585372	-0.395332
-0.908958	0.098145
0.199145	0.0265561
0.615977	-0.441739
2.028	0.0704611
0.313021	-0.134877
1.91689	0.495955
0.589398	0.795589
1.63779	-0.267431
-0.388382	0.912323
1.98717	0.476804
1.98302	0.319147
0.414524	0.874286
1.84668	0.170036
0.2379	-0.113228
-0.722177	0.744918
1.95304	0.267459
0.919358	0.209113
1.2193	-0.524121
0.363763	-0.264077
-0.682885	0.768715
0.374232	0.908759
0.181866	-0.0659678
0.0892481	0.155034
0.954735	0.246265
2.01194	0.420725
0.83993	0.580047
1.8766	0.275552
0.552344	0.866447
0.11838	-0.0506318
-0.621818	0.80327
1.52754	-0.36113
0.0839303	0.102617
1.18888	-0.394576
1.75489	-0.298917
1.88557	-0.160065
-0.588725	0.824785
1.73403	-0.145882
0.835	0.587539
0.231096	-0.122698
-0.983199	0.244962
-0.924175	0.204884
0.467601	0.922913
-0.752521	0.632907
1.32473	-0.462676
0.290915	-0.172027
1.93634	0.279891
0.860083	0.251129
-0.831051	0.555941
-0.023871	0.0988944
-0.881259	0.373866
0.29808	-0.147461
-0.460684	0.953446
-0.253668	0.906939
0.479716	-0.308871
0.9077	0.335688
0.57549	-0.41029
0.0225042	0.982192
0.0851757	0.185733
1.02906	0.0144276
1.75214	-0.140708
0.0464375	0.317757
0.953344	-0.680888
0.762773	0.659717
-0.379215	0.976828
-0.257358	0.843535
1.95698	0.344325
0.0719856	0.0277054
-0.947876	0.284833
0.411702	0.856529
-0.918399	0.418978
0.454443	0.883363
0.901832	-0.476306
2.00409	0.350074
-0.889028	0.428988
1.22871	-0.511419
0.698282	0.600122
-0.80417	0.570845
-0.311806	0.972816
0.492588	0.86882
0.779952	0.671464
0.94103	0.107138
-1.0943	0.0531704
-0.0253697	0.982314
0.800276	-0.425568
1.82381	-0.161387
-0.0493069	0.32454
0.643889	-0.472157
0.232952	0.958565
-0.250351	0.866979
0.663748	0.783553
0.966011	-0.542609
0.0973415	0.137282
0.0875399	0.159027
0.832018	0.520897
1.07041	-0.526535
1.38588	-0.413769
-0.929336	0.661586
0.186251	-0.0660031
1.45316	-0.415326
0.500275	0.814556
0.932415	0.400835
0.728571	-0.434521
1.95177	0.26033
1.00401	0.011574
-0.643929	0.69623
0.107443	0.146569
1.73463	-0.243463
0.987574	0.418096
0.120688	0.139384
1.75134	-0.230352
-0.0946107	1.09898
0.643075	0.767492
0.787317	0.633157
1.97345	0.373063
0.957449	0.156686
0.441889	-0.296628
1.93868	0.0976391
0.267734	-0.340929
1.42773	-0.514633
-0.941306	0.458991
-0.629782	0.782126
-0.79643	0.485455
0.282121	-0.139825
-0.552305	0.934295
-0.717551	0.642947
0.0637338	0.135785
1.01451	0.303802
1.01055	0.372635
-0.0527491	0.339964
0.966591	0.0832988
-0.121182	0.969269
-0.316552	0.95555
1.14468	-0.561534
0.971184	0.087178
-0.696866	0.674278
-0.822695	0.600298
0.463439	-0.29924
0.0672499	0.394802
0.276341	-0.256669
-0.00883245	0.998684
-0.908165	0.635358
-0.945819	0.239272
0.761086	-0.58159
1.37015	-0.487226
1.53399	-0.288065
1.87598	-0.125592
0.571966	-0.391497
0.830701	0.610424
1.87594	-0.112919
2.00097	-0.00256236
-0.677741	0.691835
1.30179	-0.45311
1.76665	-0.0279049
1.47203	-0.463652
0.478884	-0.412817
-0.939282	0.342444
-0.00584131	0.310813
0.949748	0.0779585
1.66484	-0.157409
0.32787	0.928991
1.86178	-0.140234
1.58863	-0.327369
0.538702	0.909568
0.459739	0.881469
-0.441547	0.836737
-0.0385093	0.507607
1.89549	0.220551
-0.432492	0.848367
-0.822261	0.529357
-0.539969	0.888282
1.01177	0.213575
0.893016	0.153022
0.484509	0.931642
0.154273	-0.324455
0.576785	0.755738
-0.217385	1.00741
0.0112013	0.387805
-0.336563	0.960863
0.489708	0.957542
0.488319	0.809167
-0.276128	0.922435
1.95072	0.395199
1.27864	-0.523346
0.301973	1.02982
-0.960298	0.136978
0.752157	0.588238
1.97374	0.458518
-0.457547	0.8816
0.261881	-0.0623493
-0.392871	1.03741
2.0959	0.494234
0.197088	0.0176888
-0.637326	0.776574
0.472341	-0.431882
0.547428	-0.416367
0.929608	0.196529
-0.115892	0.965195
0.386987	-0.320411
-0.173863	0.992372
-0.566761	0.848143
-0.869722	0.474711
1.62664	-0.174501
0.381278	-0.243108
1.92755	0.444156
1.89797	-0.135132
0.17535	0.0212562
-0.571164	0.883779
0.203216	0.955071
-0.94903	0.281974
-0.98449	0.245572
0.143878	0.0827663
-0.9128	0.392192
0.739358	-0.531806
1.65687	-0.240006
1.76038	-0.182868
0.448463	-0.385489
-0.523789	0.853355
-0.0779033	1.12195
0.723059	0.56217
0.903754	-0.501582
0.0580263	0.190711
-0.920966	0.533718
0.188396	0.99694
-0.141769	0.938569
0.721922	-0.367987
0.569193	-0.506776
0.273367	-0.262413
0.697786	-0.414447
0.997919	-0.00729998
0.94408	0.289791
1.31097	-0.499486
-0.833896	0.443526
-0.00234587	1.05464
-0.906578	0.586105
-0.880138	0.487167
-1.01067	0.328371
1.10257	-0.569869
1.85034	-0.0054781
1.06886	-0.485251
1.98685	0.279778
-0.0156575	0.183969
0.12277	0.0833212
0.147365	-0.0719526
-0.3376	0.849273
1.93177	0.128807
1.94	0.463796
1.05021	-0.518236
1.92313	0.140877
0.373767	-0.392799
0.378468	0.976798
-0.966778	0.14541
-0.751106	0.597125
-0.99205	0.253241
0.70927	-0.433172
1.22182	-0.544292
1.65189	-0.244433
1.95822	0.319418
1.73776	-0.177332
-0.722171	0.594704
0.0624311	0.300966
1.46482	-0.32588
0.825387	0.574602
-0.992224	0.0382438
0.711561	0.776431
-0.807456	0.652873
1.99464	0.119395
-1.03002	0.228088
0.966896	-0.517378
0.502062	0.984068
1.06391	-0.529326
0.805353	0.553003
-0.880408	0.453955
1.16599	-0.442527
-0.905709	0.190422
0.820927	-0.51375
0.649142	0.768754
1.07011	-0.527395
0.0694183	0.225326
1.48072	-0.419044
1.8474	0.0499592
0.498783	0.842596
1.22608	-0.436766
1.9554	0.257312
0.981686	0.173671
-0.735647	0.70679
1.08627	-0.510462
-1.08079	0.0719404
0.902798	-0.55401
0.620806	0.913588
-0.674955	0.765012
1.93522	0.207295
0.70545	0.798681
-0.841458	0.362975
1.32259	-0.457248
1.96148	0.293951
1.13578	-0.431293
0.187031	-0.137518
1.47956	-0.3376
1.65788	-0.279194
0.455383	0.874451
0.0331249	0.148591
-1.03841	0.133392
-1.01165	0.153565
-0.937016	0.0425613
2.01984	0.504825
2.03687	0.309807
0.0700491	0.0204121
0.923542	0.316716
1.86565	-0.0511002
1.04496	-0.520795
0.206502	-0.0153303
-1.01948	0.190264
-0.0914341	1.06948
0.999454	0.202062
0.31935	-0.185372
-0.859727	0.130753
0.356981	-0.359128
0.0837107	1.00695
0.753215	0.666342
-0.168738	1.02497
0.558434	-0.330133
0.970721	0.0268351
-0.137799	1.03453
1.86332	0.0111706
-0.21566	0.904446
2.02719	0.424283
-0.6222	0.688959
0.0498279	1.03487
0.985073	0.0912323
0.149725	0.984925
1.98409	0.135828
0.214448	0.941002
0.0454309	0.179223
1.68892	-0.345362
1.33972	-0.473677
0.162524	0.136808
-0.139026	0.882495
1.74432	-0.191948
1.91206	-0.00718675
0.64812	0.773231
-0.601693	0.799401
-0.945332	0.236472
-0.11464	1.04163
0.233833	-0.0723461
0.331475	-0.195843
-0.991169	0.271757
0.726774	-0.424975
-0.202373	0.916053
-0.705559	0.694418
-0.804694	0.545769
0.0339896	1.00288
-0.847535	0.457361
1.12396	-0.495714
1.69311	-0.253516
0.321352	-0.165227
0.0149256	0.913189
1.19565	-0.475954
0.991086	0.21424
0.72172	-0.461727
0.163579	0.982294
1.18398	-0.504397
2.09663	0.473751
0.829625	0.662873
-0.20349	1.03911
1.74385	-0.0852516
-0.478251	0.879896
-0.403586	0.887198
0.993588	-0.498017
-0.313859	0.922978
0.419482	0.977354
0.863318	0.330005
1.09035	-0.53531
1.71827	-0.313751
0.200219	-0.0986936
0.561379	-0.432359
0.15811	1.04621
0.661795	-0.365463
-0.578949	0.772098
1.60378	-0.328386
0.82543	-0.524008
0.663128	-0.455196
0.794255	0.684735
1.9942	0.205924
1.87677	0.196123
0.613632	-0.437185
-0.899162	0.491003
-0.0406283	0.306315
0.888928	0.437565
-0.418774	0.948375
-0.455466	0.862963
1.57263	-0.224397
0.670318	0.724127
0.695622	0.687377
0.423224	-0.249032
0.325983	0.919831
1.39361	-0.433414
-0.681882	0.802341
0.632443	0.678196
-0.118353	0.957579
0.415863	0.919694
0.0156319	1.01464
0.0332864	0.278384
1.64078	-0.34597
1.4869	-0.302801
0.470812	0.838452
0.0503522	0.347085
-0.0719304	0.960074
0.392913	-0.256526
0.995051	-0.0252405
0.347635	-0.28046
-0.665234	0.824322
-0.156826	0.976311
1.32208	-0.421294
0.202721	-0.220064
-0.45138	0.888336
0.174267	0.974305
-0.0598881	0.592863
1.2354	-0.351333
0.30683	0.982677
1.97721	0.246216
1.06318	0.0790454
1.60796	-0.317302
1.11488	-0.556779
0.140586	-0.0800552
-0.0435362	0.93519
-0.230079	0.894699
-0.506061	0.975271
-0.627046	0.794091
1.14532	-0.448064
-0.0121703	0.218047
-0.664178	0.667398
-0.402158	0.886332
2.03353	0.407193
1.61153	-0.305275
-0.985756	-0.0534138
1.02487	0.0887872
1.89161	0.0541954
1.60651	-0.339973
1.89921	-0.0215088
-0.294976	1.0437
0.893318	-0.47192
1.72409	-0.0952766
0.383545	-0.273963
0.149863	0.0116979
0.0927184	0.0896674
-0.653285	0.957597
1.57019	-0.295311
0.0561061	0.988803
0.781831	0.62835
0.26034	0.958667
-0.732359	0.648552
0.393706	-0.246323
0.865155	-0.510662
0.955749	0.161704
1.43888	-0.382284
0.505817	0.920342
0.741967	-0.416297
1.0403	0.122985
1.96083	0.0682997
0.926522	0.336122
1.76529	-0.186389
-0.0218675	0.531914
-0.24178	0.928237
-0.0383017	0.939838
1.54093	-0.235018
0.292614	-0.0276476
0.0253663	0.984527
1.71926	-0.169605
0.445096	0.936634
1.56408	-0.31428
1.65503	-0.231329
-0.941388	0.502895
1.03545	0.178224
-0.80201	0.568238
1.18923	-0.449707
0.00143314	0.960992
-0.73137	0.5207
-0.288462	1.04901
0.180733	0.945619
1.03779	0.171571
0.854087	0.495289
1.67422	-0.218749
-0.667684	0.782691
0.905344	0.408216
0.949987	0.495772
1.10035	-0.477343
1.19044	-0.494901
-0.990058	0.405311
0.987055	0.308898
0.30483	-0.28689
0.399301	-0.284891
-0.981345	0.125916
0.951287	-0.472478
1.36657	-0.402705
-0.0739895	0.988894
-0.747647	0.650214
-0.948072	0.278142
1.55368	-0.210843
1.22063	-0.504396
0.00477484	1.05892
1.9436	0.459341
-0.825764	0.595118
1.78412	-0.18298
1.69989	-0.256241
-0.521303	0.859609
1.0198	0.248687
0.690641	-0.439629
-0.0120405	0.421445
1.27559	-0.403566
-1.09777	0.291156
-0.848075	0.420983
0.586382	-0.428954
1.20838	-0.373235
0.0239242	0.215733
1.99253	0.190437
2.01198	0.231622
-0.00948563	0.333975
0.188609	-0.0664979
1.32583	-0.435269
2.01765	0.458012
-0.748715	0.609063
-0.241036	0.923932
1.80107	-0.227111
2.06646	0.287565
2.00173	0.226465
1.52208	-0.359867
0.342824	-0.0925489
0.317452	0.91328
-0.865375	0.391952
0.437406	-0.374366
-0.950168	0.0364471
0.706721	-0.4168
0.971838	0.0767596
0.575877	-0.371588
0.0343041	0.352325
1.75352	-0.0311571
1.89602	0.247811
-0.862634	0.459214
0.251188	0.978562
0.826052	-0.47364
0.953262	0.466335
1.20626	-0.446894
1.0488	0.153702
0.447746	0.922216
0.103496	0.935212
0.313799	-0.264146
-1.05282	0.0358747
0.575118	0.823409
0.406013	-0.348079
0.9018	0.725227
-0.0177285	0.220364
-0.964578	0.15861
0.012562	0.384517
0.00944699	1.01118
0.715685	-0.381185
1.47593	-0.411064
-0.435118	0.813132
0.964237	0.244664
0.960918	0.266732
0.386746	0.877188
-0.159989	0.983373
0.343104	-0.243312
-0.817734	0.487247
-0.0632059	1.02433
1.02434	-0.480058
1.93815	0.233238
0.133508	1.01705
1.86029	0.0789057
0.296866	-0.25298
0.289314	0.953539
0.922285	-0.460754
1.05752	-0.506498
1.01866	-0.130909
-0.956834	0.331895
0.660543	0.764771
0.142387	0.980051
0.0594368	0.252432
0.778423	-0.488925
1.8502	0.00475997
-1.07825	0.269354
-0.696911	0.643149
0.11978	0.317645
0.0532662	0.0124846
0.893927	-0.476309
1.56073	-0.304989
0.276533	-0.0655932
0.588844	0.822924
0.455901	-0.303546
1.71219	-0.136522
0.0607417	0.151323
0.891049	0.314644
0.0313904	0.125759
-0.925096	0.10595
0.213873	-0.263635
-0.921555	0.415103
-0.789747	0.569971
-0.779129	0.569138
-0.509398	0.845003
1.98273	0.381795
0.680382	-0.395826
0.876273	0.338109
0.635343	0.710819
-0.524886	0.865416
1.10249	-0.495429
-0.354034	0.989506
-0.315307	0.916434
1.01528	-0.478647
0.833808	0.497743
-0.934332	0.259973
-0.258849	0.963479
1.17687	-0.452755
0.0620754	0.05645
0.552407	0.753525
1.99869	0.351172
1.90479	0.0413208
1.12805	-0.502343
0.462657	0.917692
0.737451	0.731087
-0.344371	0.974393
0.712354	0.628574
-0.644702	0.67481
0.012344	0.151461
2.00914	0.317403
-0.941312	0.35371
1.90328	0.319772
0.434394	1.00678
0.548425	0.992126
1.99122	0.362767
1.51487	-0.314728
0.990387	0.0415093
-0.568852	0.873017
0.143404	0.0385375
1.869	0.104891
-0.703155	0.665547
1.31854	-0.375353
0.436665	0.96751
-1.02791	0.27177
-0.0437613	0.268887
0.339494	0.9795
1.28677	-0.477965
1.43898	-0.490211
0.975537	-0.457922
1.66084	-0.316586
0.617867	0.829775
0.525968	0.878316
0.728815	0.559317
0.902155	0.38721
0.10265	0.0687958
0.867187	0.647124
0.529147	-0.426229
1.83112	-0.106117
1.69548	-0.243454
0.095997	0.0148577
0.00326816	0.973492
-0.935276	0.21499
0.29102	0.915525
-0.759296	0.646843
0.973094	-0.446442
0.774247	-0.526071
0.766808	0.706199
0.0321792	0.989878
-0.179546	0.986847
1.9284	0.241391
-0.458132	0.936216
-1.00842	0.264364
1.62663	-0.237714
-0.837944	0.43353
0.967596	0.334864
0.344531	-0.0690187
0.0241943	0.971235
-1.0288	0.224586
-0.134603	0.988553
-0.371371	0.87067
0.0901861	0.374335
2.01591	0.329918
-0.979423	0.352204
1.09079	-0.499585
0.472234	-0.320067
-0.0621641	0.184694
0.207875	1.03278
0.147485	0.0391307
0.622414	0.671171
0.28314	-0.134252
0.609311	-0.453816
1.97503	0.213806
1.0295	-0.038142
0.270947	-0.138647
-1.01927	0.107453
1.02919	-0.578619
-0.0448972	0.238396
-0.921517	0.144253
0.932679	0.40168
-0.680151	0.764522
1.10934	-0.41874
0.291007	-0.250996
1.21612	-0.481617
2.04533	0.322691
0.902444	0.0874333
0.370671	0.877823
0.819372	0.672951
-0.471576	0.887966
0.495679	-0.352608
0.0275565	0.166277
-0.900355	0.481006
-0.97032	0.370475
0.901066	0.233282
1.92436	0.206674
1.51596	-0.241243
1.25562	-0.403228
-0.725586	0.646653
1.03256	0.0465147
0.933297	0.471149
0.230352	-0.0671071
1.11062	-0.376782
1.10392	-0.504429
-1.02837	0.0102221
0.351576	0.87414
-0.958918	0.445016
-0.620969	0.818315
0.68899	-0.449755
-0.982847	0.248559
0.150489	0.0593691
1.98592	0.444584
0.112198	0.982673
1.62044	-0.135214
1.23081	-0.489289
0.809795	0.68416
-0.931624	0.230639
1.99458	0.400916
-0.226027	0.982262
-0.00168927	0.966574
0.62619	-0.430181
0.974868	0.294758
1.57292	-0.312097
1.35839	-0.394333
1.84521	-0.123321
1.8993	-0.105919
1.92645	0.0935566
0.0458743	0.953276
-0.765423	0.63569
1.86703	0.239455
-0.888829	0.478454
0.826694	-0.506219
-0.0829669	0.908576
1.80992	-0.294884
0.726853	0.812504
-0.183636	0.973822
-0.36109	0.972466
0.0865193	0.121705
1.33012	-0.510276
0.435474	-0.444781
0.15473	-0.0283956
0.105582	1.01641
-0.659622	0.810246
-0.0757673	0.368898
0.760378	0.59643
-0.0227838	0.550673
0.620935	0.859046
1.74434	-0.129871
0.520399	-0.327655
0.176459	0.9269
0.949785	0.0125197
-0.0779605	0.936465
0.173885	-0.0495163
0.354237	0.938114
0.464282	-0.305882
0.492625	-0.369679
1.39183	-0.351412
0.0390822	0.227548
0.430889	0.869569
1.03117	-0.571684
2.01768	0.394894
1.33682	-0.428846
0.142317	1.04749
-0.528373	0.958634
-0.814928	0.55788
-0.961773	0.206032
-0.926435	0.343093
0.951417	0.379289
0.88451	-0.563241
-0.474315	0.818
0.0313042	0.467107
0.614793	-0.41234
-0.407067	1.02686
1.47969	-0.419518
-0.836988	0.224478
-0.35073	0.963572
-0.359284	0.945038
1.86179	-0.20003
0.0109277	0.924695
0.62933	-0.339994
1.80244	0.130292
0.776475	-0.502773
-0.685125	0.644924
0.330863	0.913551
0.970121	0.0781262
0.878292	-0.566109
1.02692	-0.481323
-0.585196	0.815726
0.923874	0.29239
0.311999	-0.222028
1.31658	-0.484002
0.605716	-0.424905
0.949313	-0.462792
0.630897	0.629558
-0.894429	0.261653
1.99514	0.0702063
0.797775	0.556415
1.36413	-0.415987
0.288831	-0.191034
-0.166951	1.01188
-0.508945	0.815731
-0.00386088	0.225354
0.105347	0.133249
0.957033	0.494447
-0.757066	0.638244
1.30091	-0.417933
1.02468	0.146657
0.891963	0.516499
0.624689	0.748505
1.94956	0.224225
-1.03886	0.346802
0.785854	0.665451
0.690398	-0.365506
0.774506	0.461842
0.936499	0.263545
1.789	-0.292017
1.52898	-0.412631
0.0130463	0.47174
0.741061	0.499445
0.830669	0.29347
0.119797	-0.0849795
2.01864	0.332084
1.98319	0.148122
-0.737461	0.722216
0.602453	-0.414221
1.93006	0.0481702
1.56319	-0.340655
0.0637065	1.01267
0.301519	0.930983
0.119577	0.0235964
0.103449	0.00887114
0.331738	-0.17205
0.886177	0.56436
-0.0446908	0.391017
0.971082	-0.516349
0.12025	-0.0440351
0.444827	0.958758
1.56099	-0.337453
1.96658	0.0721208