-4.56774	6.02514
4.4261	-7.90162
2.34761	-4.48951
-4.49783	5.62218
3.54065	-7.40523
-3.75573	4.79908
2.66863	-6.25783
-1.59757	6.32359
4.42432	-8.5078
-1.7433	6.42008
-0.126434	3.79834
0.438458	3.25063
-3.66666	4.64605
-4.81728	6.11313
0.719558	2.35332
4.48827	-8.18928
-0.13917	3.92516
-0.960323	4.9674
-4.05037	4.97776
3.64726	-6.81259
-0.489678	3.96693
-3.20372	4.64177
-0.654713	3.39295
-4.8073	5.77965
4.33941	-7.47116
3.29445	-5.96021
0.336278	3.696
3.99987	-7.43275
3.75105	-7.41801
-2.51276	2.63026
-3.86851	4.71915
-3.18091	4.30118
-3.93959	4.71656
5.12702	-9.61132
2.14004	-4.89414
-1.71052	1.61551
-4.09176	5.08685
4.52941	-7.67454
-1.46586	5.99125
3.20349	-6.37555
-3.93924	4.66595
3.20463	-6.29809
-3.72267	5.00211
-4.04805	5.20044
-2.9632	3.6853
-3.17964	8.03113
-4.20809	4.94875
-0.429978	4.41009
0.461886	3.72608
-1.361	5.34384
3.68006	-7.29893
3.73376	-7.53041
-1.23557	5.09074
-0.0751739	4.22822
0.131596	3.64876
3.5785	-6.85404
-2.72749	2.84159
-3.57465	4.54042
4.30838	-7.86811
3.78527	-7.08135
-0.993921	4.67477
3.45923	-6.85198
-3.71207	4.93458
3.99503	-7.29048
-0.804348	4.64779
-2.08752	6.37597
2.80497	-6.34254
-3.02318	3.64054
-2.62347	7.26228
-0.670513	5.1613
3.71353	-6.81543
4.92752	-8.15563
-1.20134	6.15917
3.02032	-6.51708
-3.15929	3.79959
-0.899783	4.88088
-3.41347	4.84039
-2.65941	3.3485
-3.10758	3.96324
-1.14446	5.01159
-1.88441	5.89868
-3.03871	3.66601
-4.09043	5.44739
-3.51537	4.23598
4.13211	-7.54332
-1.15069	5.24447
-4.06946	4.88425
-0.412231	4.33536
-0.732414	4.85782
-3.1992	4.17956
4.72704	-8.51461
-3.23641	4.15871
-0.496352	4.30675
-3.38419	4.24728
-4.41686	5.6104
3.61584	-7.08671
3.8561	-7.08302
4.51448	-8.23825
-4.07685	5.94237
-0.823995	4.53398
3.09682	-6.50645
3.71689	-7.39065
2.89248	-5.77428
4.16192	-7.29314
-3.97131	5.15656
-1.75358	6.46751
3.31615	-6.71027
3.47372	-6.73097
-3.9426	5.28625
-3.07889	3.55043
-3.24816	3.85649
-0.787328	4.64692
-0.200731	3.55146
3.23412	-6.08187
-0.818988	5.2357
-0.965607	5.39077
2.70236	-5.89242
-2.19586	6.67493
3.93639	-7.51173
-3.02299	3.90242
-2.91355	4.16132
-1.64923	6.29537
3.78807	-7.00936
-2.61828	2.59467
-0.901884	4.38737
4.5438	-8.29156
-3.72975	4.80192
-2.97483	3.23714
4.03144	-7.32593
1.77005	-4.95712
-1.46885	5.20116
-2.40043	3.03876
3.70671	-6.96338
4.34023	-7.70788
-2.86497	3.35579
4.86471	-8.85003
2.69014	-6.06242
3.71935	-7.00484
-2.10743	7.16871
-2.05595	6.6391
2.36498	-4.93051
4.95241	-8.6618
-0.434408	4.69687
-1.08021	4.9998
0.324408	3.76799
-3.60517	4.39772
4.33816	-8.05611
3.94725	-6.78637
-0.879078	4.51756
-4.25453	5.28349
3.69216	-7.09841
3.93382	-7.33577
3.63833	-6.93491
-3.70292	4.5875
-2.82573	3.40942
-3.04221	3.17006
-1.19562	5.37004
-2.75805	3.59008
-0.595944	4.15197
-3.24925	3.71742
-0.718781	4.78047
-3.74084	5.07587
-1.26512	5.02818
3.76947	-7.27768
-3.59416	4.20925
2.47665	-5.59436
-3.85787	4.45691
-4.43416	5.02737
3.59436	-6.70228
-3.00954	3.72957
2.05079	-4.40867
-3.52943	4.31449
-3.30031	4.12924
4.15187	-8.28543
-0.540273	4.26143
-4.01809	5.34514
4.70866	-7.84509
3.26985	-6.0774
-4.1378	5.45226
-4.52042	5.59894
-2.1555	2.02442
-2.75144	7.62194
-2.6647	2.71085
3.06554	-6.49824
3.88129	-7.29712
-0.776108	4.39194
-2.80858	3.28105
3.85269	-7.46595
-3.63235	4.45028
-0.444367	4.48719
-3.58713	8.60969
3.68361	-8.03249
-1.07383	5.1596
-1.11617	4.91618
-2.70851	3.16242
-4.64069	6.15832
-1.75566	5.6082
-2.84274	3.82917
-3.79057	4.84752
4.7511	-8.08025
-1.51325	5.36968
4.31264	-7.42862
-3.53643	4.33112
-0.894902	5.42571
5.16589	-9.5622
-4.33467	5.27693
-3.65823	4.48278
4.22404	-7.57119
-0.267176	4.2217
-2.21375	3.43453
-4.36543	5.78388
-1.4825	5.72837
-3.38245	3.85749
3.63997	-7.15827
4.20729	-7.42073
4.65414	-8.49781
-3.86122	4.70027
-0.478187	4.19392
-3.95966	4.85811
-1.09122	4.96547
-3.50069	4.32584
4.76507	-8.39246
-1.18433	4.70197
-3.93131	4.74336
-2.26676	6.43103
-0.790743	4.34057
-3.12049	3.68397
-3.75517	3.81986
-3.23327	3.52917
-4.50516	6.21302
0.0897038	2.54217
-5.00503	6.37849
-4.37595	5.65784
-4.19804	5.33991
1.11715	2.11896
2.91205	-6.37344
-1.63482	6.10785
-0.730736	4.70285
-4.19786	5.4587
0.0764326	3.37719
-0.145683	3.29381
3.37735	-7.39073
-2.17092	6.35964
3.31969	-6.875
-3.56422	4.78881
-3.04089	4.00511
3.62173	-7.50293
-3.66949	4.66452
3.29827	-6.32147
-4.36122	5.55474
0.0383568	3.20932
2.82611	-5.54015
-0.133172	3.9337
-1.18535	5.18118
-4.48451	5.84564
4.18612	-7.88923
-0.591565	3.98227
5.453	-9.12017
3.58533	-7.17346
-5.10459	6.80319
-3.92239	4.80449
-0.559311	4.27255
-3.23007	4.49046
2.48126	-4.9679
2.52448	-5.44039
4.64054	-8.39356
-3.76471	5.00962
-1.23105	5.18006
2.58347	-5.07078
4.98416	-9.42285
4.73165	-8.81147
-3.83762	4.84861
-3.05158	7.28021
3.5585	-6.93534
-1.50227	5.59445
-1.48995	5.61062
3.68454	-6.47866
3.30655	-6.39887
0.19544	3.14801
3.68073	-6.70594
-0.887296	4.41181
-3.62239	4.51393
-3.65011	4.85808
-0.78755	4.43578
-1.08663	5.31894
-1.34151	5.58259
-4.11003	5.22159
-2.9145	3.742
3.28744	-6.68227
4.47121	-8.60552
-2.9384	3.84651
3.39768	-6.47217
4.44909	-8.88909
3.07541	-6.00577
4.12631	-7.28177
-1.931	6.61574
-3.00395	2.84942
-2.31167	3.05234
-0.0330616	3.11682
-0.839126	5.00135
4.84635	-8.85487
4.13536	-8.25832
-3.01408	3.73484
-4.2349	5.32917
-2.36417	2.8568
-3.38712	3.76379
-3.48309	4.6105
3.74784	-7.39295
4.5944	-8.47398
-3.1871	3.94074
-1.4497	5.44901
-3.9284	4.56057
3.41934	-6.44603
-2.94598	3.48955
-0.769832	5.12022
3.39799	-6.93536
-3.57376	4.34776
-0.911321	4.79272
-4.66896	6.68479
4.65134	-8.30114
-3.07481	4.07872
3.45727	-6.73594
2.85694	-5.51417
-0.432445	4.36705
-4.70218	6.00695
3.62287	-6.81396
4.41608	-8.67523
-4.06141	5.17425
3.5647	-6.65973
-1.18852	4.82788
4.91891	-8.93332
0.761468	2.83513
-3.40895	4.56806
-3.63495	4.407
3.19184	-6.9313
-3.06533	3.68276
3.31494	-6.80427
-2.62162	2.98058
3.49835	-6.69571
3.10927	-6.28974
2.71438	-5.61392
-3.28291	3.79053
3.81777	-7.20919
-0.228152	3.932
3.75393	-7.39907
3.32897	-6.4062
-3.42665	4.73168
-3.97763	4.44215
-1.1366	5.00758
2.73914	-5.39539
-0.877453	4.53927
-4.19351	5.43848
-3.51479	4.4343
-3.1801	3.67551
-1.12115	5.03399
2.12303	-4.78922
4.53201	-7.57786
-2.29499	2.67209
-0.594167	4.52564
-0.46831	4.31881
-2.59438	3.34126
0.00316055	3.24864
-3.68892	4.2085
4.35934	-7.881
-1.62113	6.03569
4.41559	-8.62087
-2.79851	3.7847
-3.19084	4.2214
-3.74927	4.02648
4.85767	-8.69425
2.9277	-5.78448
-4.58658	6.04709
-0.978478	4.18365
3.44342	-6.79082
4.31654	-8.01396
1.04506	2.2896
3.97056	-7.19936
-3.83612	5.5792
-4.26109	4.96125
2.75176	-5.95405
-1.33349	5.11401
-3.51356	4.60419
-4.0736	4.98324
3.87889	-7.14669
-4.84141	6.45933
3.78502	-7.08502
-2.32383	6.08416
3.11567	-6.1246
-2.2544	7.02815
-3.97875	5.01863
-1.38882	5.23826
-4.1714	5.50164
-1.89424	6.22986
-3.8353	4.67357
2.87527	-6.32965
-0.479609	3.93137
-3.26458	4.01562
-3.92064	5.4891
4.04171	-7.47878
-3.94815	4.7477
2.98682	-6.2658
3.56287	-7.01948
-0.515232	4.27832
4.67492	-7.96733
-1.63941	6.04329
-1.06173	4.73618
3.4996	-6.66483
-3.37488	4.30094
2.14388	-4.81131
-3.23186	4.19806
4.20088	-7.29802
-1.38336	6.29361
3.11767	-6.49093
3.0869	-6.29891
-1.76308	6.14966
-3.92121	5.50025
-2.63906	3.22201
-1.16372	4.68432
4.77485	-8.92243
-1.83701	5.88346
-0.160402	3.58592
-0.304939	4.33308
-5.5094	7.43147
-3.82708	5.4734
-2.23884	6.11877
3.68613	-7.12379
-0.623281	4.34434
-1.39184	5.38852
4.07787	-6.83369
-0.606554	4.26821
-3.76282	4.86937
0.550543	2.47449
3.34102	-6.65211
-0.0847788	3.93463
4.30806	-7.36249
3.1302	-5.98605
-0.918857	4.41575
-3.16089	3.49777
-2.52132	3.12163
2.94052	-5.70949
-0.61162	4.03794
-0.278461	4.19209
-1.75014	5.86533
3.95493	-7.31281
-0.827977	4.64683
-3.86781	4.50671
-2.62551	8.10573
3.67498	-6.59114
-3.41846	3.79432
-4.23008	5.7701
3.90261	-6.71289
3.65686	-6.91497
-1.48237	5.82778
2.26822	-5.59804
0.176356	3.6914
-3.1573	3.58439
-0.722107	4.25569
3.84108	-7.02543
3.30402	-6.02257
4.76893	-8.15035
-3.54482	4.42983
-2.45282	2.44099
2.98895	-6.11618
-3.22431	4.27097
-3.19968	4.49472
-1.07684	5.35033
4.68299	-8.32395
2.68244	-5.61181
-2.84892	3.10159
-0.574201	4.09249
-0.614161	4.82213
3.16427	-6.15937
-4.42357	5.63241
-4.46666	5.28302
3.28746	-6.38567
-2.08621	6.165
-3.26095	4.25124
-3.83693	4.86751
-3.25207	3.50512
-3.45203	4.66551
-0.800721	5.24064
2.72788	-4.80415
-2.64764	3.1465
-4.83136	5.77987
-3.99369	4.49049
-3.54182	4.66713
-0.540747	4.77258
3.10911	-6.39516
2.85463	-6.46752
3.04831	-6.18865
-1.38121	5.81257
-3.28564	4.33082
-2.2614	7.14283
-4.14562	4.78963
-0.48263	3.73627
-1.27591	5.69761
-3.72596	4.83685
-3.53987	4.34809
4.36958	-7.76659
-1.15287	4.78849
3.78767	-6.70151
5.27355	-9.17814
3.51462	-7.35685
-1.92298	2.13118
3.97611	-7.2477
4.72721	-8.14424
-4.82093	5.88326
3.41517	-7.63212
2.64795	-5.7443
4.02785	-7.45218
-1.67264	5.90238
3.74226	-7.02312
-3.67958	4.57794
-0.428115	4.14747
4.10281	-7.51124
0.567593	2.88548
-2.35926	2.9536
4.34982	-8.54218
4.51039	-8.25266
4.30274	-8.11341
-3.3387	4.5102
3.46827	-7.05973
3.567	-6.66684
4.2283	-7.81444
-0.324565	3.87021
-3.2343	4.67949
2.97858	-5.85438
-2.7971	3.44749
3.35212	-6.76826
4.34592	-8.10154
4.10915	-7.5656
-3.0607	3.58637
-1.88002	5.69229
-3.84487	4.71813
-4.22558	5.59361
-0.419398	4.44623
-3.41742	4.28209
4.72432	-8.6278
4.04535	-7.81662
-1.57318	5.37949
-0.554648	4.10168
3.32469	-6.62694
-3.5071	3.95832
-3.78447	4.85157
-0.747339	4.02631
-4.58157	5.82509
-0.734212	4.70143
3.62837	-6.30074
-0.638663	4.95057
-4.85983	6.62356
-0.553467	4.54016
-3.09004	3.9888
-3.66774	4.80221
-4.76887	6.40547
-0.277673	4.45317
-0.148643	4.51566
-1.71564	5.89569
5.18712	-8.99057
-3.75632	4.53382
-4.23285	5.20003
-2.92918	3.75395
-4.48872	5.36217
5.48478	-9.51963
2.61227	-5.0332
-1.41198	6.09173
-1.49082	5.54038
2.3201	-5.53812
-2.5088	6.5639
-1.20888	4.44235
-1.70369	5.46654
-3.67046	4.41017
-1.22795	5.85674
3.4502	-6.70627
0.149211	3.42039
-0.637649	4.4112
-3.69282	4.76592
3.63042	-7.51628
-1.01252	5.01239
-0.180402	3.59244
2.88357	-5.18038
-3.65017	5.37638
-1.61349	5.96551
-2.89755	3.36479
-2.73543	4.00674
-2.67772	2.60519
3.70633	-6.65569
-0.13858	3.83473
2.84574	-5.67212
-1.40135	5.23972
4.10194	-7.17419
-0.504918	3.76655
-3.85479	5.1535
4.83512	-8.92904
-4.0475	5.08524
-1.76922	5.53275
3.57547	-6.70439
-4.54161	5.92623
3.88033	-7.42654
4.78226	-8.57006
-2.11332	2.44971
-3.35227	3.68436
4.3786	-7.7819
-1.14941	5.36574
-4.15284	4.88635
2.87911	-5.21091
-2.75844	3.58137
-4.14737	5.52349
-2.89403	3.48001
-3.26591	4.03202
-5.30334	6.57288
-3.80921	4.84293
-4.9207	6.45042
-3.62403	4.46544
3.4319	-6.82051
-1.10865	4.58444
4.10244	-7.74738
-0.93332	4.24034
-1.37681	5.13178
-3.28224	3.79702
-3.47049	4.59698
-4.64698	6.02413
-1.36214	5.588
-0.185314	3.82475
-3.97934	5.05676
-3.51093	4.57317
-4.82884	6.02003
4.06087	-7.83309
-1.50419	5.90101
3.35305	-6.60853
-2.36014	2.77497
-2.62879	7.46149
4.03922	-8.04449
4.45423	-7.97192
3.26861	-6.67509
-4.57137	6.29096
-3.70477	4.18552
5.56422	-9.98807
-3.70808	4.49852
5.28383	-9.8481
4.0205	-8.23253
0.227701	2.92228
3.82886	-7.13962
-3.21096	3.77283
-2.76556	3.15016
-4.70404	5.97956
4.33639	-7.45723
-0.96671	4.84804
-0.994741	5.20791
-2.37499	6.78157
-4.31057	5.70448
3.93078	-7.32116
-0.517463	4.40142
-1.23034	4.72097
-4.01382	5.12647
-1.56466	5.78144
3.62525	-6.98594
-1.27061	5.15437
3.03054	-7.13105
0.522107	3.14818
-3.07561	3.85814
-3.70823	4.51488
3.86037	-7.29837
3.51076	-6.6592
-2.48735	6.86317
-1.08918	5.25383
-3.84637	4.65492
2.97502	-5.6498
-0.841236	5.10144
-3.63922	4.52937
-1.2071	5.67307
-3.0844	7.74491
-2.12401	6.20201
-4.5959	5.69608
-3.40959	3.54145
-3.72742	4.83147
2.79342	-6.07008
3.58996	-6.88572
2.73457	-5.28345
-2.29806	3.23361
4.44585	-7.38038
3.83002	-6.98126
-3.8936	5.41609
3.27392	-7.03021
-4.86847	6.10826
-1.95083	6.4189
3.81538	-7.13969
3.29363	-5.80848
0.0550287	3.52554
-3.60679	4.62777
-3.28834	3.92843
-0.857751	5.38754
-3.61727	4.54498
3.74527	-7.55597
-3.02767	3.91293
-5.1881	7.09819
-3.62269	4.93166
4.22892	-8.49893
4.09496	-7.47904
-0.496583	3.93117
-1.62113	5.58955
-4.94612	6.24723
-2.75637	2.48085
-1.48109	5.38215
3.71692	-7.40976
3.89079	-7.28608
-3.54646	4.29469
-4.41189	5.60216
-2.17482	2.26713
-4.41141	6.09844
3.66252	-7.35903
3.77491	-7.30546
-0.994817	5.21282
3.22957	-6.08385
3.64084	-7.46304
-1.31556	5.23641
5.06149	-9.24947
-3.47791	4.15093
-0.853645	4.58155
-3.61811	4.17391
-2.11974	6.27361
-0.399662	4.06138
-0.96048	4.96121
-3.0141	2.94187
3.48332	-7.27592
3.76944	-6.74838
-1.41329	5.62541
3.3106	-6.33032
2.80945	-6.23908
3.59735	-6.7517
2.66084	-5.6041
-0.342597	3.61393
-0.876833	4.98347
4.65046	-8.79866
-2.03484	2.78287
4.34769	-7.6835
3.659	-6.90388
-0.521353	4.73433
-0.894712	4.58769
-0.96037	5.18484
-2.67485	3.12864
4.21396	-8.12475
-4.62488	5.926
-3.55689	4.19052
-3.2006	3.85162
4.17282	-8.03099
-0.756601	4.41997
-3.85074	5.20036
3.09411	-6.17223
-3.4576	4.11019
-3.63466	4.25196
-2.90399	3.6418
-1.53535	5.68007
3.47121	-6.80719
3.22818	-7.10693
3.44053	-6.24433
-3.89725	4.90064
-1.43551	5.89988
-1.50624	5.76583
-4.11915	5.15181
3.77952	-6.91411
-0.890697	5.04274
3.83983	-7.08609
-2.89296	3.50524
-1.21495	5.17756
-4.35484	5.96572
4.99417	-8.48602
4.37542	-8.12144
3.03323	-6.09312
-1.0172	4.78716
2.78474	-5.88366
-1.21793	5.21469
-3.76573	5.16708
-0.614743	3.96368
4.42474	-8.0535
-2.36305	7.40229
-4.77634	6.07839
-0.7233	4.96178
5.00396	-8.58742
4.60329	-8.48561
-2.11853	6.83116
-2.37134	6.50954
-0.160239	3.66622
-4.25208	5.52497
4.1165	-7.68249
3.36077	-6.86151
-1.79639	5.53913
-3.88077	4.92709
4.65541	-8.56642
-4.04574	5.12056
-3.99356	5.22479
-0.48624	4.66102
-4.52558	6.08458
-3.96097	4.40451
-4.38145	6.0924
-1.44829	6.3576
-0.100381	3.2933
4.51505	-7.95413
-3.57186	4.01959
-2.48633	2.85229
0.509781	3.06257
-1.15144	5.7103
-2.81949	3.49086
-3.5717	4.59933
3.13045	-5.96497
-0.519611	4.42364
-0.452537	4.1707
-3.44732	4.41895
3.66454	-7.88874
-1.81948	6.07162
-2.89943	3.59069
-1.63291	6.12285
3.55104	-7.34324
3.02099	-5.63577
-1.15016	4.93323
-5.03212	6.08893
2.87215	-5.75722
3.07606	-6.49707
3.92004	-6.96309
0.161733	3.93968
-1.28322	5.50619
2.5876	-5.69729
4.09528	-7.92055
3.28478	-6.67575
2.99041	-6.44956
3.5872	-7.09819
3.11367	-6.6179
-3.2216	3.74933
-0.244966	4.38819
-3.47378	3.8663
-3.21053	4.13313
-1.74036	6.02449
-4.25385	5.60825
-1.4894	5.44691
3.58714	-6.68066
3.41404	-7.17051
3.50801	-6.0648
-3.2051	3.38115
-4.17915	5.29959
2.93506	-6.07198
-4.91508	6.37531
-0.0415666	3.59037
-1.40503	5.10977
-0.0598685	3.76894
-3.60466	4.07068
-2.22033	7.0225
-2.82652	3.55093
-5.13907	7.24691
3.53469	-7.15435
-1.07351	5.1459
-4.15866	5.96916
-1.85505	6.74163
3.59929	-6.8325
-3.70532	5.14432
3.02144	-6.07791
-3.51604	4.54093
2.75207	-6.34899
-1.1728	5.2367
-2.13973	6.49716
-0.0881021	3.56189
3.26316	-6.33426
-2.26689	6.7959
-3.82093	4.71709
3.90931	-7.61845
4.18656	-7.51962
-1.59216	5.87919
-0.339964	4.12219
-1.92079	6.01013
3.676	-7.60394
-2.68786	3.12514
-3.52797	4.70655
3.49794	-6.93189
-2.15905	6.64319
-4.1869	5.48694
-2.25913	6.75228
4.11609	-7.84106
-3.9533	4.69722
-3.6099	4.96793
-0.378279	4.30863
-4.92508	6.88161
-0.897768	4.72235
3.27116	-6.01125
2.81714	-5.51118
-2.6151	3.5549
-1.54182	5.97998
-0.986776	4.68582
-1.09816	5.75536
3.07333	-6.21919
-3.96748	5.19244
2.72315	-6.0812
2.46449	-5.35715
-0.722038	5.52868
4.55949	-8.03307
-3.11131	3.37164
4.22516	-7.68927
-0.716914	4.15878
-3.11791	4.38165
-1.1169	5.07261
0.16431	3.66776
-1.19874	5.56669
3.31908	-7.06098
-1.08389	5.09637
-3.81323	5.22383
-4.61034	5.89627
4.57508	-7.38958
-1.0467	5.11974
-0.339788	4.44486
4.49308	-8.4347
-1.76196	5.62184
-4.08087	5.61757
-1.40632	5.18306
-4.0865	4.95627
2.42785	-6.24907
-2.67006	3.20399
3.42763	-6.26083
-4.20561	5.69915
-4.15709	4.61294
4.57264	-8.41883
-3.75865	4.73421
-3.03712	3.99637
-4.37012	5.35563
3.87057	-7.52091
3.01528	-6.51439
-2.08725	7.25049
0.841513	2.98435
-0.138008	4.26099
-3.58469	4.60582
3.62793	-7.47241
-1.0113	4.80087
-3.15438	3.45856
-0.000662437	3.2007
-0.183715	3.71105
3.40494	-6.77616
-4.62372	5.3141
3.21879	-6.00745
-0.805478	4.15169
-1.38385	5.1705
2.75203	-6.23758
3.94531	-7.17644
-0.481825	4.24949
-1.62326	5.84562
4.73707	-8.46549
-3.98611	4.99182
4.50901	-7.99388
-4.03453	5.23944
-0.219749	3.99623
-0.591911	4.47924
-3.4862	4.48983
3.72788	-7.34957
4.52892	-8.33118
3.28328	-6.11745
-4.04149	4.81078
5.49319	-9.62249
-0.551874	4.04027
4.41836	-8.44494
4.64921	-8.30773
-0.846292	4.88422
2.79938	-6.3232
4.2668	-8.07364
-3.21829	4.4204
4.47055	-8.30231
-0.474237	3.93596
2.64687	-5.09609
-3.85746	5.23877
-1.9799	7.00981
4.27397	-7.91896
-6.23399	8.78443
3.93318	-7.84067
3.20443	-6.62776
-1.10092	5.4036
-1.35162	5.72869
-1.15632	5.33266
3.45176	-6.20389
-3.8042	4.15624
-0.0850221	3.59082
-0.420959	3.77722
4.68143	-7.97111
3.59841	-7.00132
3.85762	-7.40161
-2.73696	3.40578
-3.19188	3.69803
-1.57895	6.01155
2.65306	-5.88682
-0.838946	4.69325
-0.643207	3.86011
2.33789	-5.12255
3.61081	-7.30131
3.74117	-7.23379
-0.596022	4.3128
4.39776	-7.75077
-1.80992	5.6339
-4.41019	5.70565
3.86944	-7.11385
-1.47104	5.78204
-0.873537	4.75817
-2.96407	3.38828
3.85466	-7.79277
4.86624	-9.47271
4.82009	-8.40053
3.47989	-6.67822
-2.94443	3.57604
-4.33057	5.41679
-2.82549	3.13329
-0.336621	4.50672
3.75624	-7.70643
-1.16804	5.54415
3.98773	-8.07207
-3.11234	7.94465
3.05955	-6.40213
-2.32528	6.89403
-0.755748	4.52158
4.15288	-7.73848
4.00916	-7.82352
-1.37199	5.79634
-0.993997	4.98822
-1.50981	6.25335
-0.5435	4.66523
-1.2955	5.76439
2.89681	-6.24366
-2.88711	3.39832
-3.18921	3.91003
-3.14686	3.82716
-3.51188	4.37711
3.73451	-7.17951
-3.21451	4.00635
2.59044	-5.10981
4.71933	-8.40441
-4.04972	5.95432
2.84498	-6.31114
3.42523	-7.16828
5.10112	-8.64975
3.71859	-7.305
-4.55572	5.98585
3.40377	-7.69085
-0.206675	4.07699
3.41515	-6.81813
-0.637234	4.41134
-4.23173	5.13694
3.59431	-7.01475
3.52307	-6.54097
2.776	-5.65247
2.66149	-5.94612
4.70041	-8.13919
-3.79051	4.86809
-1.48922	6.10558
3.88088	-7.04528
3.86318	-7.02543
-1.68496	5.12576
-4.43846	5.50329
-2.23503	2.90095
-1.70626	5.26195
4.05696	-7.3711
-1.37419	5.58323
3.64688	-7.13442
-1.50151	5.51943
3.6721	-6.97095
4.82966	-8.69377
3.31518	-6.50199
3.32554	-6.2247
-4.37563	5.48094
3.56339	-7.0721
-2.18028	2.78811
0.503072	2.94463
-1.76736	5.67117
-0.112841	3.6249
3.60055	-6.36444
-0.849484	4.83423
-0.963506	5.31627
-1.64447	6.11531
-3.05041	4.01392
-3.8519	5.3562
-4.64474	5.52192
-1.68888	1.684
-1.53602	5.8769
3.87476	-7.70815
3.64347	-8.03626
-2.79935	3.37016
-1.2837	5.88128
3.01966	-6.10288
2.916	-6.0254
-2.4795	3.21312
5.04329	-9.24057
-0.147747	3.34951
-3.44319	4.22227
-1.05162	5.51161
3.48084	-6.94746
3.87759	-7.9882
-2.92062	4.44009
-3.13724	4.53761
-1.7523	6.15197
4.52507	-7.82802
-3.5862	4.65974
-2.13832	5.57364
-3.755	4.97444
3.24679	-6.77286
-1.51154	5.75719
-3.26479	3.77254
-1.0644	4.64395
-0.813469	4.94087
4.3464	-7.88255
3.49511	-6.52941
-0.802972	5.04397
-2.57527	7.50651
-3.20798	4.26387
-1.81611	7.14054
4.414	-8.34551
3.99073	-7.54776
-0.750324	5.07205
-3.23174	3.9779
3.1188	-6.39349
-0.970386	5.10355
-0.340764	3.72124
-3.11647	3.81203
-2.33843	7.07205
-3.88447	4.25789
-3.31605	3.95487
-3.0756	3.75358
-1.01334	5.09165
4.94465	-9.39989
4.05041	-7.24483
3.56111	-6.46124
-0.972779	5.27421
3.69648	-7.37575
3.62163	-6.65232
-3.99202	5.40593
3.3012	-7.29394
-2.18363	6.13311
-0.600688	4.33752
3.22248	-6.35518
-3.00191	3.26558
0.246286	3.66312
2.25462	-5.39635
-2.60205	3.59738
4.12375	-7.71134
0.242624	3.60884
-3.41795	3.6281
-3.54785	4.60816
-0.892874	4.83268
-1.02769	5.01462
4.11773	-8.34632
-4.42092	5.59985
-3.38648	4.11564
5.49355	-10.3037
-1.64491	6.18917
-3.7156	4.89861
0.707953	2.67711
-0.409367	3.76237
4.20027	-7.03895
-0.321919	4.30673
-4.21314	5.73601
5.18006	-9.64928
3.80687	-7.52495
-1.16685	5.60995
-0.341846	4.63463
-4.26175	5.32639
-3.68086	4.797
3.6934	-6.79812
-0.635844	4.68132
-0.779876	4.93535
-4.66946	5.7514
-0.44406	4.15052
2.98805	-6.2849
-3.12291	4.26325
-0.54806	4.04278
-4.32909	5.81078
3.68978	-7.53429
-3.50657	4.8571
-3.72943	3.9556
3.54099	-6.76239
-1.48279	6.23153
2.29607	-4.54783
3.10473	-5.93152
-3.6754	4.88632
4.10202	-6.78914
4.85465	-8.51055
-1.06006	5.67991
3.28822	-6.40529
-0.754457	4.49028
-2.26889	6.20513
-4.7618	6.37342
-0.896068	5.14208
-4.44444	5.6278
-3.37599	4.16754
-3.44396	4.35134
-1.16826	4.9043
-1.91559	6.38921
-3.53571	4.81466
-1.08731	4.83028
-1.93803	6.09774
-1.50876	5.16098
-0.644815	5.21715
-3.51876	4.86156
-1.50686	6.45432
3.1626	-6.626
-4.72907	6.03251
4.88093	-9.11207
4.01188	-7.45797
-2.98255	3.36873
-1.55125	2.23809
3.14573	-5.90611
-3.76242	4.4411
-4.22529	4.94352
3.91443	-7.14416
-0.777915	4.94354
-1.71444	5.72799
-3.46462	4.35896
3.13635	-6.27644
-0.94985	4.87754
-1.85501	6.34383
3.62989	-6.82082
-2.22046	6.27158
0.0105706	3.44929
3.05237	-5.94286
3.99253	-7.67192
-0.818158	4.8077
4.87035	-8.55393
2.80547	-6.34055
-3.79106	4.36367
-1.521	6.23461
-0.765896	4.71974
0.434491	2.96757
-4.67922	5.58589
-3.11289	4.10844
-0.766	4.85365
-1.72284	5.78447
-2.34395	2.99752
5.03863	-9.0371
4.17258	-7.49116
2.88807	-5.70427
-0.557866	4.33965
4.65603	-8.60047
-3.65522	4.98525
3.42173	-6.65432
-2.32222	6.57389
-1.54521	5.85843
0.203641	2.78782
-3.4359	4.60968
-1.3336	5.83561
-2.82227	2.9392
3.5115	-6.22994
3.21557	-6.42521
-3.61753	4.2716
-2.02992	6.7431
-2.86187	7.66069
-4.0216	5.55851
-4.30077	4.95781
-1.65422	5.94127
-1.05961	4.43828
-1.3661	5.39562
3.94656	-7.7823
-4.50203	6.02222
-1.32349	5.59
-3.56584	3.88658
-2.06783	6.47356
4.19743	-8.23055
2.71361	-6.22478
3.99263	-6.78698
-2.29824	2.83113
-3.70264	4.94374
2.30246	-5.23498
-3.46275	4.36892
-4.04795	5.28679
-3.5813	4.91258
-1.4239	6.3219
-3.93909	4.87864
4.00827	-7.61496
-3.20033	3.63876
3.84363	-6.7286
2.91389	-6.32739
-1.19953	5.1606
0.452626	2.66263
-0.880476	4.73636
-2.31516	6.94743
3.46081	-7.25913
-0.343185	3.39778
-1.26962	5.70606
3.64836	-7.42937
2.67387	-5.35779
0.348498	3.08729
3.23541	-7.02789
-1.2118	5.13301
-1.64869	6.24491
-3.63221	4.58031
-0.0418044	3.21494
-1.49475	5.43609
3.78204	-7.34937
-2.70748	7.37403
-1.86844	6.79598
4.53413	-8.4124
-3.18565	4.42526
-4.30095	5.66381
-1.22041	5.22342
3.5126	-6.66412
-0.892561	5.44659
3.12548	-6.83214
-3.68364	4.97832
3.71244	-7.15691
-1.65577	6.05242
4.1096	-7.67913
-3.93155	4.70712
-0.912821	4.53037
-3.16884	3.92052
4.00172	-7.02813
3.60701	-5.88451
-0.114193	3.51758
4.08947	-7.77143
3.78187	-6.39255
-4.67208	5.81521
-2.70789	2.87511
-3.54775	4.52618
-3.91436	5.10124
4.72024	-7.99727
-1.20254	5.06819
-2.4795	6.61615
2.70626	-5.60935
4.7018	-8.60768
3.31798	-5.89525
-4.17249	5.86497
-3.94328	4.90192
-2.9662	3.28653
3.20799	-6.6981
-3.50144	3.90568
3.29713	-6.51955
4.12032	-7.24732
3.31356	-6.17897
3.7251	-7.09755
3.78315	-7.42404
4.03916	-7.61669
-3.98369	4.59141
-2.8187	3.39142
1.93926	-4.57251
-3.79427	5.11659
-1.63557	5.56987
-2.16716	6.71179
-3.4249	4.23636
-2.4697	3.36596
-1.58463	5.91745
-3.26426	4.11963
3.54204	-6.57534
-1.72788	6.49811
-1.57883	5.56101
-1.62323	5.81188
2.48522	-4.9497
-1.8065	5.87364
-0.732334	4.3139
4.25403	-7.86881
3.72722	-7.38903
-0.801454	5.21589
-3.84468	4.60569
-4.28838	5.55678
3.06006	-6.11289
-4.35475	5.43643
-0.567098	4.13634
2.81372	-5.60164
-2.88088	3.27112
3.87082	-6.82748
-2.87487	8.1177
3.80133	-7.38465
3.32771	-6.66354
4.561	-7.81002
-0.688515	4.60641
-3.38916	4.28251
2.74411	-5.69985
-1.15242	5.32924
-0.508082	4.01835
-3.30318	3.92472
-2.73023	3.45804
3.46743	-6.31118
-1.05014	5.40989
-3.68399	4.35148
-0.806131	4.47365
-1.55614	5.4911
-2.53673	3.00834
3.27975	-6.3646
-1.54229	6.09592
3.79824	-6.82392
3.0116	-6.3402
4.49892	-7.88803
-0.653326	4.411
-1.18673	5.33523
3.32156	-6.7796
4.14317	-8.16493
4.16156	-6.85128
-3.68729	5.1367
-4.84659	7.01814
-0.669684	4.66435
3.73169	-7.08338
-0.765512	3.84269
3.07182	-5.70333
4.2266	-7.41409
2.67161	-5.51473
-3.66151	4.98544
3.0683	-6.77943
4.4808	-8.17462
-1.40516	5.88973
3.98419	-7.07872
-0.0535349	3.43112
-3.24089	3.63186
-2.83924	3.75804
-3.39526	4.29702
-0.687286	4.17796
3.50864	-6.83798
-3.41438	4.43998
4.28417	-8.13467
-4.5992	5.98735
-3.40359	4.23259
2.55676	-5.70271
2.8087	-6.05687
4.64249	-7.99588
4.66369	-7.99656
3.19162	-7.00897
-4.00572	5.0555
3.48776	-5.93713
-3.80749	4.68542
-0.816399	4.63835
3.88363	-7.08149
3.84067	-7.19294
-5.57942	7.27416
-0.660712	4.43711
-3.50156	4.38514
3.32106	-6.83991
3.02512	-6.84852
-3.42694	3.91035
-1.19864	5.86191
3.60054	-6.60807
-3.28804	4.27075
3.67447	-7.66627
-3.95148	4.82665
-3.83584	5.1094
-3.94424	5.45057
-3.0112	3.01518
3.59772	-7.13424
-3.53206	4.72281
2.73915	-5.60436
-1.24794	5.37581
-0.534779	4.25845
-3.19588	3.91863
-1.02729	4.76773
-0.647681	4.51488
-3.36027	4.36343
-1.44961	5.66063
4.93341	-8.82801
-4.51385	5.76107
-0.333842	4.16445
-3.61535	4.62029
-2.95108	3.74536
-3.98323	4.99998
-0.777843	4.31105
3.70427	-7.49105
2.99612	-6.00671
4.21914	-7.99321
-3.31208	4.37403
-4.82479	6.67956
-0.445962	4.05146
3.42685	-6.16823
4.3398	-7.52185
-2.62601	2.81614
4.41543	-7.82088
2.88533	-5.55833
3.53543	-6.77149
2.9324	-6.69864
2.90664	-6.03034
-0.344375	4.42678
-1.07932	5.69924
-1.2562	4.84851
-2.99273	3.46881
-1.10705	4.9663
-2.47175	3.0055
-3.59252	4.44529
-0.93493	4.47882
2.93931	-5.82154
-3.14756	3.52372
-3.32053	3.85872
-1.83858	5.89118
4.18527	-7.4058
-1.87943	5.78837
-3.68674	4.55579
-4.17632	5.42335
4.12394	-7.7711
-2.93913	3.00314
4.0136	-7.39437
-1.22845	5.66827
3.41925	-6.8483
2.9837	-5.59556
-0.75134	3.72527
-3.55018	4.31137
-1.46796	6.02446
2.6129	-5.78538
-5.20112	6.51328
3.97691	-7.33927
-4.89297	6.53159
-4.37437	4.8411
3.07014	-5.77447
-3.24532	4.09777
-1.35392	5.48802
-0.493124	4.77925
-1.00782	5.05779
-0.710352	3.87647
-4.95765	6.35204
-1.00419	4.94976
4.74744	-8.95301
0.225492	2.76861
-0.968628	4.65678
-4.31697	5.86522
0.291621	3.59489
-2.38155	2.7267
-2.23527	6.3386
-2.7013	6.9622
-3.97396	5.15581
-3.31052	3.68478
-3.01915	4.10907
-3.29519	4.44663
-3.3156	3.53612
-0.668741	4.57797
-1.51974	6.31358
-1.0284	5.11285
2.55525	-4.93329
-3.38706	4.7214
3.94361	-7.28545
-1.10721	4.94032
-1.3107	5.32394
-3.16758	3.83433
-3.4035	4.04626
-3.80095	5.05894
-3.84105	5.36121
-2.94014	3.43101
4.0793	-7.39159
3.97263	-7.20079
2.86102	-5.66486
4.89579	-8.86396
-0.674839	4.45786
-3.34583	4.62026
-1.61257	6.39112
-2.53858	3.53866
-4.17447	5.77475
-1.23368	5.23492
3.69938	-6.62628
-3.95553	4.69513
3.64588	-7.2365
-5.05156	6.41313
-4.76162	5.75334
-3.57488	4.47569
-1.75133	7.0143
-0.587544	4.05613
-3.83724	4.70071
-2.79804	3.27376
-0.82186	4.85162
-1.1687	6.0236
-1.19778	4.64409
-2.3158	7.39724
-4.57237	6.03321
-0.881216	4.71029
4.42206	-8.07977
-4.40242	5.82085
-3.95233	5.34737
-2.71042	8.00202
-4.22805	6.33036
-2.85367	3.58084
-1.15522	5.14785
3.30807	-6.68774
3.63036	-6.60692
3.87866	-7.59104
2.39131	-4.74722
-1.28862	5.56806
4.9416	-8.74752
4.02223	-8.00271
-3.06364	3.9203
-4.34101	5.50209
-4.04289	4.94286
-3.28461	4.05116
-4.19549	5.35177
2.98697	-6.08846
-1.09555	5.10554
-0.392866	3.87607
-3.3355	3.49156
-3.84468	5.22864
-1.65608	6.66067
-3.34563	4.60453
-0.835871	5.23956
4.02305	-7.43606
-2.60934	2.79098
-0.442635	4.02266
4.199	-6.852
-3.21054	4.7577
-3.48759	4.23737
3.03782	-6.97973
-1.08309	5.24729
2.5905	-5.17797
-2.54499	3.14526
-3.56553	4.63709
-0.964181	4.8105
-1.58953	6.75561
3.74729	-6.90866
2.8272	-5.61803
4.10975	-7.70436
4.65668	-8.36456
-1.62956	5.68509
3.74551	-7.1377
4.628	-7.79436
-3.68189	4.25158
-2.29849	2.52592
-0.392729	3.87551
-1.19459	4.65343
4.15953	-7.85283
-4.33153	5.42529
-0.901859	5.23671
-0.193529	4.12529
-4.60486	5.77715
-2.1407	6.56803
-4.17696	5.19315
-3.69044	5.3073
-1.88307	6.42583
-1.00135	4.71432
-4.17261	5.11646
-3.02035	3.84435
3.87967	-6.97135
-1.34046	5.37061
-3.24299	3.3618
-1.12838	4.52213
-0.804247	4.2094
-3.50132	4.20052
3.03723	-5.82053
2.71576	-5.3519
-4.59589	6.11068
3.90193	-7.4124
-4.69869	5.4353
-5.17917	6.59675
3.85416	-7.76009
4.46886	-8.24826
-0.85942	4.29474
-2.94227	3.7646
-0.518611	4.32197
-3.23411	4.17468
3.71309	-7.40854
2.86131	-6.01
4.11822	-8.34253
-0.491335	4.44592
-3.1823	3.98677
-3.18882	3.88812
3.49491	-7.06463
-1.11537	5.34209
-4.48144	5.88061
2.33946	-5.34925
2.9201	-5.77519
-1.26837	5.29579
3.87799	-6.40475
-3.06719	3.93485
-2.28261	6.83205
-3.41962	3.80839
3.93116	-6.87249
-3.84594	4.74287
-0.562427	3.6319
-2.73555	3.40742
-4.0647	4.64575
3.22921	-6.19167
0.0675881	3.31446
-3.13822	3.87614
2.97727	-5.99977
4.36018	-8.33149
-1.38904	4.97825
-0.368451	3.96882
-2.51274	7.49202
4.84797	-8.81393
-3.55948	4.87194
-1.92203	2.08779
-3.60403	4.26389
-1.34957	5.36081
-2.78116	3.43988
-0.871519	4.88952
0.610306	2.6114
-0.206128	4.36085
3.81358	-6.95892
-3.66203	5.20205
-0.949727	5.13886
4.57999	-8.40229
-1.35047	5.57497
-0.17689	3.09144
-3.42858	4.45401
4.54319	-8.33065
-1.41428	6.03026
-2.70397	3.0705
4.44456	-7.92934
2.39943	-4.97893
-3.18276	4.33375
-0.992451	5.33152
3.76712	-7.54931
-0.492082	4.18564
3.38277	-6.88707
4.24006	-7.73103
-3.47966	3.652
-0.175587	4.32127
-4.35355	6.30422
-0.120495	3.9235
-0.565344	4.39392
-1.068	4.50352
-2.80889	4.14173
-3.15205	4.0645
-3.97908	4.88828
-1.37073	5.11493
3.80518	-7.26441
-4.45125	5.68347
-3.64633	4.70011
3.08922	-6.44068
2.75955	-4.83631
4.50955	-8.34497
-3.29294	3.98297
-4.01584	5.50413
3.68822	-7.20347
-4.28856	5.39485
3.50018	-7.19074
-3.80186	4.83173
-1.14099	5.82249
-0.67962	4.7481
-3.60055	4.54187
4.80009	-8.54491
-4.80273	6.18533
-0.172506	3.97792
0.699153	2.51671
3.26181	-6.3431
-1.84575	2.53341
-1.47496	5.15889
4.05329	-7.57682
-1.1812	5.43795
4.48886	-8.50318
-3.29105	4.35336
-0.569974	4.57094
-4.24997	5.43313
4.85099	-8.18862
-3.36316	4.4153
-3.17829	4.68169
-1.84973	6.39553
3.9623	-7.37855
4.01774	-7.89045
3.12341	-6.19028
-1.14256	5.08345
3.63298	-6.65027
-2.27883	6.78845
-1.92781	5.70558
-2.19093	7.05812
-0.785978	4.50489
-4.48827	5.72075
2.72202	-5.4971
-4.13242	5.28358
-3.81815	4.22593
-1.97102	2.39869
-3.62558	4.59804
3.15521	-6.38919
-0.404844	4.00505
-3.34942	3.3717
-0.981134	4.67752
4.96926	-8.26135
-1.16777	4.7927
3.59635	-7.14137
5.12618	-9.52136
-2.96348	3.69099
-0.0146598	3.23287
-1.62295	5.20149
-3.65159	4.72308
2.5642	-5.36925
-1.72208	5.67068
-3.37636	4.74218
4.23834	-7.57542
3.69717	-6.84774
-2.03906	6.39213
3.75582	-7.57067
0.53516	3.06878
-1.20548	5.07641
-3.60968	4.63423
-3.45726	3.86904
-1.65904	5.6535
-1.54889	6.12381
-5.0314	6.83403
-0.354629	3.66082
-5.96846	8.07192
-0.442681	4.22177
0.709912	2.43661
4.61204	-8.49944
-3.21637	4.26507
-3.96895	5.4828
-0.757008	5.0597
-4.59118	5.46785
2.72077	-5.51887
-2.68872	2.95181
-0.381729	3.89991
4.70272	-8.52881
2.90598	-6.37141
-0.160463	3.97577
-3.78017	4.51015
-4.37838	5.95718
-0.409245	4.15603
-3.69189	4.78503
-1.00743	5.33082
-3.77619	5.47654
4.6071	-8.03173
-1.13454	5.51907
-3.54917	4.01875
-0.613021	4.47806
3.35514	-6.71935
-1.04733	5.09291
3.9894	-6.88584
4.07514	-7.3094
-0.841005	4.47489
-0.0551979	3.89811
-3.23704	4.5129
-3.38142	4.36453
3.21975	-5.80609
-1.34637	5.81727
3.69773	-7.2536
-3.89395	5.02382
-0.883149	4.26593
-5.43491	7.07744
3.93112	-7.66556
-3.43881	4.79906
2.72652	-5.82834
-2.70833	3.02148
3.62331	-6.45865
-1.04046	4.57377
-2.78592	3.35357
-0.0778344	4.23973
-0.766751	4.57461
2.74668	-6.0795
3.83626	-7.32827
-1.78167	5.69373
-0.125867	4.04947
2.87743	-6.0118
-1.77908	1.58009
-0.273158	3.88599
-3.04236	3.98471
-0.692052	4.60413
-1.46161	5.97764
-2.49425	3.03668
-0.693492	4.74206
-0.863876	4.82731
1.75013	-4.49052
-4.7105	5.86426
-1.03112	5.20112
-3.37671	3.94021
3.29503	-5.71979
-1.01592	4.62722
-3.35912	4.50498
-0.5041	4.2295
-2.45038	7.04163
-0.411183	4.10039
-0.887988	5.2892
4.06217	-7.25512
-4.24628	6.10027
-1.15445	5.11175
-2.64087	3.22757
3.54909	-6.85
-0.76393	4.7211
3.87055	-7.8346
-2.3143	2.14971
-1.68875	1.40133
2.7178	-5.81884
-0.496772	4.71221
3.88118	-7.2077
4.49675	-7.94806
-1.8063	6.54244
-0.605417	5.00332
-5.0543	6.63524
1.68168	-4.27034
-0.605013	4.50866
-3.49692	4.40686
-1.35181	5.85712
-1.36648	4.98759
-1.03435	5.11545
-3.71458	5.27157
2.93232	-5.48197
-4.01523	5.25868
3.3466	-5.98152
-1.56397	1.74556
-2.99135	4.23024
-1.6492	5.64572
-4.814	6.44186
3.8821	-7.55392
0.0108372	3.63585
-3.79832	5.2071
-0.544529	4.28713
3.12735	-5.87514
-0.505834	4.50378
-3.27831	3.85047
3.25065	-5.82498
3.72055	-6.99763
-3.56018	4.68764
-0.51206	4.57596
1.20402	2.45406
-3.02107	4.2115
-3.14711	3.77695
-3.28625	4.91893
-0.981457	4.52997
-0.629552	4.23948
0.619215	2.66516
5.09962	-9.17859
-4.55095	5.40565
-3.10521	4.05051
-0.967854	5.82398
4.48473	-8.02756
-0.969603	4.52566
3.6287	-7.11881
-4.90913	6.37978
5.21463	-8.45988
3.61335	-6.50726
-3.13645	4.03643
-2.5328	3.63387
3.77138	-6.81922
3.97289	-7.29092
-0.130216	4.20378
3.50919	-6.62838
-3.93295	5.26343
3.19671	-6.27424
-3.49202	4.88054
3.05989	-6.44463
-1.62644	5.22338
3.99911	-8.04527
-2.52814	3.41414
-5.33792	7.04868
-3.31637	4.94745
3.87744	-7.51412
3.71179	-7.13927
-3.42385	4.96338
-2.88354	7.77846
3.5214	-7.16687
3.66021	-6.72669
3.83511	-6.90116
3.1391	-6.25941
-2.98961	3.62745
3.70432	-7.1135
-1.26817	5.14833
-3.14163	4.00661
-2.83164	3.81514
-1.53902	5.83852
-3.53597	4.18162
-1.08908	4.8388
-1.92186	5.87857
-3.19019	3.69747
3.33093	-6.76367
-1.47596	5.47365
-1.79499	1.80361
4.54498	-7.9525
4.77099	-8.52178
-1.44894	5.22324
-3.79346	4.73297
-0.835994	4.65729
-2.84528	3.36954
0.0177114	3.0249
3.66191	-7.12539
-0.336536	4.10755
-1.06702	4.91672
2.84095	-6.03254
3.91861	-7.08405
-0.174634	3.16044
3.64152	-6.53295
-3.22053	3.98572
3.94004	-7.69683
-0.507649	4.17486
3.66064	-6.84105
-0.586843	4.48417
-3.53611	4.20283
2.94307	-5.82073
-4.13981	5.51109
4.05622	-7.73934
-0.109266	4.02246
-3.57107	3.64385
3.84543	-6.89407
-0.889878	4.85473
3.26155	-6.0754
-3.51697	3.92842
-1.92946	5.74322
3.74859	-7.29951
-0.975806	4.52818
-3.08059	3.47322
4.14897	-7.74701
-2.90262	4.17707
-4.38388	4.94898
-0.315099	3.8472
3.59317	-7.11496
3.5891	-7.21468
5.17959	-9.03772
-2.45261	2.9249
-1.66406	5.76167
-4.14353	4.50656
4.21098	-8.00344
3.84388	-7.47762
-4.54274	6.3052
-2.12	6.69102
-2.47382	7.11037
-2.31508	7.11538
-0.398763	4.27743
-0.643352	4.15156
-0.327524	3.59898
3.55515	-6.70656
-3.96665	5.42242
4.82056	-8.2804
-4.38828	4.95256
4.07267	-7.30681
-1.03263	5.03512
2.714	-5.48363
-2.16379	6.53896
3.23872	-5.74536
-1.18551	6.07544
-3.67882	4.75043
-2.74356	3.43798
3.17636	-6.30961
4.85123	-8.20255
-2.98068	3.75479
-0.372021	4.17453
-3.4256	3.91781
4.07883	-7.60421
-1.1665	5.50037
3.82806	-6.61735
-3.5267	3.71226
-2.9911	3.56345
4.24007	-7.75896
-4.60275	5.95867
-2.95329	3.27414
-2.8286	3.51129
-1.00441	5.52908
-1.35638	1.91633
-2.79772	3.48249
-2.80871	7.29563
-0.0721849	3.95717
-3.32223	4.64371
3.50888	-6.63706
-0.658574	4.74998
-0.92274	5.24957
-0.720053	4.45219
-3.70758	5.1647
2.47054	-5.39917
-1.52584	1.28001
-3.10552	3.5575
-3.61145	4.71938
-2.8184	3.19894
-3.66099	4.34302
2.64451	-6.12569
-2.80711	3.77352
-0.356996	3.89879
3.13528	-6.57867
4.03738	-7.44212
-2.30504	2.43287
-2.31152	7.12499
4.63705	-8.95303
-1.02159	5.07201
3.06581	-5.82631
-3.60807	3.83287
-4.42861	6.24506
4.75809	-8.83884
-1.09545	5.03368
-1.1688	4.77196
-2.40471	2.50935
-3.06438	3.97395
3.21602	-6.59276
3.72753	-6.65822
2.63896	-6.01867
-3.64157	4.38231
-3.31588	3.5505
2.77513	-5.86998
4.14672	-7.52341
-1.78311	6.38684
-1.67464	6.42861
-3.6293	5.4813
-0.32409	4.39467
-1.14697	4.9754
-2.92171	3.536
-2.92297	2.69849
-2.59137	3.76069
3.25443	-6.30053
-3.65175	5.06939
4.50282	-7.82633
2.84624	-5.62792
-3.89838	4.36771
-3.67073	4.85596
5.28327	-9.06831
-0.94722	4.47424
-1.10263	5.4261
-3.67013	5.07467
-1.80854	6.55367
-0.376799	5.14371
3.14536	-6.57379
-1.47486	5.51612
3.94231	-7.63342
-3.67722	4.59917
-3.08746	3.84356
4.72576	-8.48085
3.53723	-6.86585
-3.54864	4.47184
-0.323029	4.04307
3.40033	-6.52286
-1.47382	6.29475
2.80365	-6.29455
3.80039	-7.87062
-1.02093	5.0296
-0.852174	4.66598
4.66293	-8.15689
-4.46268	6.20268
-4.47087	6.28291
3.88153	-6.85762
4.68023	-8.72622
-0.85812	5.18523
2.32034	-5.16629
-1.95251	6.1703
-4.33815	5.27914
-0.494788	3.68529
-3.15551	4.48663
-1.88084	6.28315
-2.70261	3.19296
-2.85567	3.10426
3.17325	-5.81912
-0.0760613	3.11737
3.58832	-7.23841
2.63552	-5.50066
-3.14109	3.7501
-2.01372	7.09925
4.72213	-8.60651
2.82926	-5.67398
3.21534	-5.9507
3.96897	-7.72985
2.86962	-5.54982
3.63983	-7.43036
2.57265	-5.56531
-3.59773	4.23733
-3.97274	4.37287
-1.6673	6.08411
-1.50756	5.92727
3.50306	-6.80139
3.41754	-6.36727
3.84475	-7.01426
-1.73637	6.48312
3.22114	-6.35098
3.81814	-6.91636
3.46124	-7.26691
2.86007	-5.6279
-1.02902	5.01797
2.87697	-5.76135
-3.49707	4.66345
4.18748	-8.07066
-1.51535	6.31565
3.52594	-6.94019
-2.71713	3.3223
-3.8865	5.22473
-0.601031	4.57984
-3.26705	4.17297
3.2505	-6.06751
-1.79278	5.80128
-1.79426	6.31299
-1.29073	5.33391
3.27836	-6.40785
-0.52589	4.03052
-3.82953	4.91878
4.20227	-7.37424
4.80024	-8.41332
-0.0545789	3.68215
-3.26579	3.97388
-4.46486	4.79781
-0.606025	4.34033
-2.68983	3.4536
-4.63072	5.58758
-2.79235	3.87028
-4.46508	5.95233
-1.41392	5.37394
-3.01465	3.65419
-2.07596	6.11416
-1.13922	5.27528
3.27811	-6.11483
-0.992548	5.17888
-4.10691	5.82978
-0.00477967	3.8787
3.71785	-6.78584
4.4099	-8.27745
-1.13276	4.9973
-3.10283	3.66725
-3.66965	4.9895
-0.812769	4.72957
-1.55319	5.7537
-1.3863	5.65537
2.36488	-5.76064
-1.09144	5.26124
-4.33879	5.34597
-3.72924	5.2434
-2.62229	7.10424
-3.34352	8.43025
-0.526569	4.55803
-0.552807	4.43086
-3.99208	5.16696
3.74637	-7.74233
-0.889729	5.19744
-0.895038	5.33191
-0.818453	5.08963
-3.48446	4.10061
-2.47546	7.07706
-2.35646	6.98968
-2.41464	3.43951
2.95532	-6.3702
4.31513	-7.81974
-3.18679	3.70794
-1.25926	5.38059
-1.46361	4.97677
5.96021	-10.433
-2.46897	7.57538
4.8331	-8.81898
4.27281	-7.63603
-1.80733	5.69077
3.27402	-6.27936
0.175609	3.23984
-1.96317	6.11565
-0.989783	5.68788
4.01132	-7.69529
3.07751	-6.31028
-3.03238	4.4928
-3.03417	4.14766
3.7051	-6.93137
4.08223	-7.82196
-4.38871	5.34696
-1.74107	6.40279
1.97925	-5.16982
-0.852587	4.9331
-3.71816	4.53437
4.11437	-7.64356
2.52061	-5.901
4.32704	-7.9163
4.47202	-8.01348
4.29212	-7.49016
3.82556	-7.00003
-0.289852	4.30572
2.33782	-5.02803
4.17384	-8.35526
-0.263696	4.57975
-2.47789	6.96031
-1.4082	5.87497
-1.32126	5.67268
-0.70911	4.29879
3.36522	-6.88567
-1.98655	6.26981
4.00533	-7.1836
-0.810751	4.68489
-2.56845	2.8381
0.0852618	2.66336
1.06707	2.05458
-2.84682	2.81297
-0.398346	4.06857
-2.46882	2.70961
-4.80888	6.40459
-1.07251	4.96943
-4.12902	5.47929
3.69983	-6.4697
3.17186	-6.87027
4.53475	-8.78726
-3.051	4.12416
-3.38931	4.5995
-3.78639	4.31731
-0.368484	3.7698
3.56045	-6.14813
-0.590217	4.47758
-3.63676	4.23374
-2.59369	6.96005
4.3727	-7.72947
4.90521	-8.84273
-1.43905	6.3917
-2.16258	6.96437
-0.247171	4.28709
2.72224	-5.18467
-3.39565	4.47882
3.93127	-7.40398
3.03782	-6.12731
3.678	-7.01753
-4.14832	5.02206
-2.97433	3.33794
-3.92692	5.02868
-1.09581	4.91951
-1.79397	6.10269
-2.49383	2.99987
2.26052	-4.79261
-1.66049	5.60265
2.49157	-5.67617
-3.40928	4.29791
-2.46395	2.46095
3.98432	-7.3351
-0.222259	3.55215
-0.419944	4.00574
4.38264	-7.51658
-2.12432	2.98956
3.3553	-6.02332
-1.00932	4.4339
3.13875	-6.42416
-0.968637	5.30806
5.05322	-9.39632
-2.86391	3.15883
3.98333	-7.06576
-0.404477	4.6311
-1.45436	5.03579
-4.30985	5.40549
-4.04211	5.66512
-3.83419	4.91282
0.453323	3.38633
-3.89866	5.46248
4.9939	-7.7394
-4.42264	5.81631
-2.93681	3.31318
4.47753	-7.74294
-2.89641	3.20627
-3.90521	4.68647
-3.26923	4.03229
-1.02052	4.55964
-2.92962	3.45023
-3.20143	3.34511
-0.557996	4.64136
4.51147	-8.30336
-1.09795	4.92606
-4.57741	6.20743
2.52522	-5.63789
-4.79254	5.96762
-1.33758	5.64225
-3.02418	4.00856
-0.744808	4.04731
3.81068	-7.61905
-3.15721	4.30601
4.30696	-8.01358
3.98123	-7.21381
-2.38784	6.8823
-0.892381	5.01417
3.27531	-6.64607
-3.54121	4.73185
-6.0931	8.0654
2.75338	-5.30933
-2.99993	3.64375
-2.97615	3.82134
-2.92487	3.6636
4.11837	-7.95586
-1.07562	5.12016
4.35332	-7.84691
-0.510967	3.92586
-3.75175	5.05115
-1.47277	5.12424
2.97498	-6.67864
-3.85295	4.90277
-4.2744	5.38239
-3.73843	5.19379
3.32412	-6.52737
5.26024	-9.36818
-3.80156	4.16287
-4.75117	6.35863
4.12976	-7.95981
3.08219	-6.40015
-3.94462	5.28752
-1.7545	6.3169
-3.21065	4.33828
-4.35173	4.97662
5.00934	-8.53683
-1.36098	5.34283
-3.6428	4.65914
-1.3312	1.37348
-0.956724	5.75799
0.0581047	3.78034
-0.144609	3.60409
-0.800294	4.86817
-1.74914	5.72562
3.04332	-6.0307
-0.307574	4.05083
-0.848487	5.10554
3.30203	-6.64347
-0.968184	5.21389
-3.13952	3.61414
-0.107531	3.49369
4.90927	-8.65674
4.24918	-7.88868
3.75917	-7.74104
2.93765	-5.86308
3.24567	-6.796
4.17915	-7.89086
4.56609	-8.98042
-3.53387	4.47619
3.36171	-6.86644
-4.40381	5.9037
-4.15601	4.80574
-0.2254	4.10963
-2.61804	3.60423
-3.96074	5.39307
-1.03194	4.55385
-2.7002	3.6957
0.586046	2.24617
3.62699	-6.37216
-3.56229	4.37661
-0.508338	4.54614
-1.37743	5.53778
-0.481778	4.81848
-0.992787	4.89012
-3.7841	4.24639
-3.76321	4.93274
-3.00281	3.61113
-3.72861	4.25512
2.0618	-4.52075
-3.05346	3.63403
-4.09266	5.13027
-3.57455	4.73753
4.40348	-7.52919
-3.68919	4.69351
-4.7524	5.99373
-3.07319	3.73375
4.24484	-7.58758
-4.58999	6.11055
-1.93522	5.87594
-2.13998	6.29109
-1.34532	5.47709
-1.2365	1.3324
4.49861	-7.80282
2.64072	-5.85398
-4.48737	5.63021
4.18575	-7.49781
-3.07472	3.13369
-1.82018	6.43116
-2.87233	3.00607
-0.819094	5.71129
-1.19928	5.21282
-3.70423	4.54945
3.21809	-6.51208
3.19976	-6.42325
-3.93546	4.95668
-0.85175	4.39377
-0.709484	4.56681
2.49598	-5.79707
-3.33862	3.63807
-3.53233	4.86197
-3.06849	4.21502
-0.434745	4.17644
4.1389	-7.17234
-0.807726	5.08285
-3.44779	4.13594
-3.31937	4.47065
4.51156	-7.83789
3.40981	-7.25109
-1.7936	5.7296
3.65821	-6.63643
4.14741	-7.64427
3.07455	-6.11073
-4.45756	5.66205
-2.49842	7.52107
-3.83893	5.03663
2.7041	-5.62163
4.19515	-7.51704
-2.94231	4.14524
-0.861792	4.1554
-3.8893	5.4156
-2.74194	3.49193
-0.308346	3.69081
-2.68364	3.63795
-2.55178	3.33478
-3.2216	4.32497
-3.35463	4.14423
5.04757	-8.56316
3.87059	-7.01811
-1.67292	5.47888
-3.3068	3.76532
0.371158	3.53218
4.73592	-8.24678
2.75589	-5.83664
-2.92822	3.2897
-1.42617	4.98504
-1.84016	6.18052
2.63867	-5.66904
-1.12451	5.22133
-1.38631	5.28564
-3.67078	4.68031
-2.47552	6.90513
3.69538	-6.59303
5.45381	-9.64141
-1.01124	5.04697
-1.38126	4.87136
-4.32077	5.67034
-1.66406	5.84516
4.04018	-7.97312
-3.22001	4.38695
-0.329029	4.02036
-1.96532	6.05901
-0.107953	3.40954
2.90991	-6.44383
-0.490729	3.95392
-3.81211	5.15001
-4.15253	5.76358
3.36077	-6.5331
-4.26736	5.32595
3.24684	-6.84062
-5.14238	6.99965
-1.04423	5.04649
-0.47358	4.57578
-2.95472	3.83284
-1.54476	6.14411
-1.13602	4.94391
3.80541	-6.87192
-2.91867	3.81592
-0.836565	4.86169
-3.11344	3.16653
-1.27828	5.3089
-2.74898	2.61887
-0.773853	4.213
-1.6078	5.66018
-1.7503	5.92518
-4.47424	6.78203
3.75664	-7.21182
2.83253	-5.5583
3.25959	-6.07888
-4.95847	6.59877
-0.417619	3.41104
-1.1594	4.48683
-3.59462	4.53439
-3.2841	3.75616
-1.16968	5.10016
0.39085	2.57965
-0.524774	3.594
-3.23101	4.43534
2.03048	-4.51654
2.79025	-5.59385
-3.25895	3.86154
-1.3404	5.76154
-0.608547	4.87358
2.91412	-6.0359
-2.50195	7.10836
2.57838	-5.63902
-3.75324	5.37499
2.52124	-4.9946
-0.410423	3.79785
-1.90663	5.39724
4.90887	-8.42697
3.08954	-6.05244
3.52468	-6.5354
-0.489131	4.49351
-2.54889	3.05638
-1.13332	4.5271
0.57117	2.99273
1.87435	-4.56297
-0.87933	4.99833
0.179477	3.43908
-2.68508	4.03831
-0.709924	4.40245
-1.93397	5.97125
-1.2954	5.085
-0.8401	5.40875
-0.19486	4.0433
-1.01107	5.42481
4.8201	-9.05218
-3.124	4.0949
4.07257	-7.70562
-1.78357	6.34139
3.95113	-7.03864
-3.99659	5.77803
-3.75122	4.347
-0.427818	3.93278
-0.0757241	4.43019
-1.85366	6.36519
-2.11069	2.8771
-0.656581	4.0051
-2.59052	3.00965
-3.16498	3.78138
4.55145	-7.59008
2.95739	-5.84741
-0.342722	4.01336
3.96916	-7.57021
-2.6218	3.21677
-3.67964	4.70391
-2.07697	6.42902
4.22909	-8.47614
-0.213601	3.93434
2.9356	-5.87875
-4.62079	6.24069
-4.21184	5.60085
-3.3543	4.25012
-3.17645	4.5464
-1.50543	6.15057
-0.567564	4.74958
-1.61286	5.28228
3.25979	-6.25806
-0.973732	5.05158
-2.90007	7.16046
3.41953	-5.99115
0.0149593	3.53575
-0.326317	3.51105
-3.22894	3.99323
-0.566361	3.72708
5.16928	-9.27264
2.43836	-5.35119
0.654835	2.38563
-1.63896	6.02145
-4.4994	5.6138
-3.25162	4.21929
-3.37875	3.78568
-2.27389	7.11654
3.62801	-7.09979
-3.84745	4.80813
-3.79414	5.34229
5.13302	-8.84544
-2.3999	2.70035
3.97993	-7.50949
3.75102	-7.31568
-2.13673	2.78266
-0.295385	3.95143
-0.10822	3.48467
4.57147	-8.20274
-1.6753	5.48048
-4.41409	5.47767
3.90526	-8.29719
-0.525072	4.12235
-1.79093	6.00873
-2.70801	3.08427
-2.8392	3.94856
-1.67352	5.83566
-1.20789	5.36262
-0.0768677	3.7184
-0.569402	4.21324
-1.57107	6.46463
3.91868	-6.87671
-3.60048	4.55095
-0.717304	4.75131
-1.15196	5.31509
3.81594	-7.56012
-2.43963	2.85346
5.01014	-8.55091
-0.890854	4.72237
4.1773	-7.59612
3.81495	-7.05418
-4.06774	5.53394
-3.36724	4.35276
-3.37525	4.13705
-0.273082	4.08399
3.18552	-6.08442
4.79062	-8.99199
-2.30761	7.0209
2.93534	-5.74445
-5.40943	7.1795
-0.950889	4.79534
2.96951	-6.08312
-1.14981	4.97397
-0.457308	3.87232
3.74024	-7.57655
4.70197	-8.11156
-1.83593	6.61136
-0.880584	5.18042
4.71559	-8.29359
-2.72809	3.18906
-1.04354	5.00287
0.0487505	3.40282
-0.277411	4.04441
3.31482	-6.75196
-4.26191	5.97029
-1.8996	6.31981
-1.12566	5.11071
4.49653	-8.0045
-0.356858	4.16745
-0.757797	4.99237
-1.28187	5.23752
2.19887	-5.26461
-3.07888	3.30494
3.01602	-5.01052
-1.37548	5.67417
-0.566062	4.0133
5.27538	-9.64147
3.75803	-7.62213
3.53212	-6.83894
-5.35098	6.82471
0.140055	3.24016
-3.83121	4.49951
2.73587	-6.12141
-4.01584	5.06705
-4.18128	5.40136
4.39286	-8.18183
-0.25509	3.77055
-4.29646	4.98386
-3.12567	3.32963
-1.65249	5.53215
-1.13939	5.66858
-3.05814	3.68347
-0.367956	3.95503
-1.58316	5.52108
-1.01255	5.0387
-2.82409	3.73475
3.49209	-7.10658
-2.64953	7.27714
-3.03094	4.42306
-3.27766	4.03644
-0.99912	4.98748
3.65731	-7.2834
-3.83126	5.01165
-3.15944	3.62094
-1.46687	5.6636
4.37602	-8.1472
2.99258	-5.80887
-3.29123	4.2743
-1.56676	5.97374
-4.35922	5.68784
3.8911	-7.11268
-3.53397	4.48526
-1.38048	5.51227
-4.74091	6.06184
-0.108803	4.20749
-1.21078	5.3095
0.0574656	3.06781
-1.18676	5.61361
-1.84657	5.91727
-0.946458	4.42534
-1.15162	5.68931
-2.12817	6.10395
-4.88875	6.77942
-3.64664	4.6282
-1.33437	5.72322
-2.38961	3.24399
-3.42463	4.27957
-2.19721	6.10948
-3.48572	4.97314
3.93283	-7.3144
3.9321	-7.25874
1.69735	-4.49334
-4.23342	5.8195
-0.596162	4.65522
-1.09913	4.95861
-2.66507	3.47737
-0.698149	3.76014
0.409178	2.98197
-3.10968	3.3428
-0.490441	4.30234
2.57079	-5.61422
0.298204	3.96476
4.26365	-8.12254
3.68799	-7.03197
4.20436	-8.15677
-2.69226	2.976
4.13959	-8.27113
4.28446	-7.56225
-0.484696	3.97407
-4.03743	4.48951
-4.92894	6.46778
-2.74357	6.93282
-3.64859	5.12757
-3.85646	5.04583
-1.9467	6.14821
3.76371	-7.47786
-5.06836	6.24047
4.02722	-7.17427
-3.69889	4.37697
-0.272341	3.92522
-1.39472	4.80179
-2.89789	3.35853
-4.40994	5.77022
-3.25956	3.67395
-0.634406	4.18367
0.155736	3.22548
5.29169	-9.4735
-1.22045	5.47216
-2.98499	3.65038
4.43621	-8.68718
-3.4962	4.89665
-3.51108	4.85505
-4.31444	5.42569
3.40564	-7.23198
-0.467389	4.21673
-1.16645	4.87533
-3.43224	4.60455
-0.915221	4.29656
-1.69383	5.99097
4.09316	-7.73684
-0.924449	4.71172
-2.41944	2.656
-1.10142	5.08301
3.50982	-6.99582
4.21652	-7.99044
4.40741	-7.89606
3.27826	-6.43542
-5.61328	6.5545
-1.07397	4.47799
-4.03571	5.2649
-0.0547744	3.70705
5.04221	-8.85372
-0.831595	4.78189
2.47445	-4.89404
-2.25995	6.81726
-2.70092	3.09892
-2.33374	2.21147
-2.82358	3.29799
3.62108	-6.69426
-3.0146	3.18813
-3.60402	4.85381
-3.35424	4.38043
-2.84602	3.27328
-4.45689	5.34339
-4.1933	4.94714
-1.24287	5.43615
-3.23935	4.23569
3.05505	-6.04101
-1.28411	5.71823
2.89497	-6.01233
-2.00132	6.84484
3.33603	-6.35941
4.61106	-8.31465
3.04403	-5.97558
3.48472	-6.94067
-0.809185	5.00709
-4.00614	5.21265
-0.630112	4.21786
3.61875	-7.03616
4.34753	-7.85881
-1.11245	5.40552
3.66396	-7.59696
4.00378	-7.85629
-0.124487	3.37496
3.61205	-7.14793
3.18345	-6.26081
3.68152	-6.78748
-3.58667	4.68387
4.62981	-8.24798
4.20851	-8.0698
-0.640702	4.15155
4.7911	-8.55157
-1.1214	5.38789
-1.44714	5.56778
3.35426	-6.77441
-1.87661	6.41865
-4.7779	6.20406
-3.2654	4.29258
-4.22612	5.46005
-1.14769	5.00533
4.01698	-7.26624
-3.20379	4.09035
-4.90282	6.24591
-4.54112	5.92947
3.39951	-7.57872
-4.47748	5.80103
4.80645	-8.9391
-1.13222	5.60623
-1.64909	5.6663
-2.10506	6.50868
-3.8704	4.66991
-3.15379	3.04399
-2.88591	3.991
-4.43009	6.1426
3.82242	-7.18123
-0.0705359	3.14498
-3.19603	3.92163
-3.14156	4.13964
3.28406	-6.06184
4.43347	-8.17077
-3.09149	3.54221
-3.98007	5.65819
-3.53455	4.47716
-4.35994	5.07883
4.82127	-9.05052
-4.04057	5.00259
4.10941	-7.3797
-1.80597	6.61786
-3.55751	4.17779
-3.58116	4.57599
-3.41712	3.91183
5.88426	-10.0696
-3.5157	4.19121
-3.97912	4.9776
-0.237259	4.30346
4.66071	-8.12734
-1.98875	2.41918
2.57508	-6.08865
-3.16824	4.06009
4.97952	-8.90552
-2.67464	3.48389
-3.0869	3.71635
3.14432	-5.74065
-0.81422	4.83249
4.05171	-7.87804
3.69351	-6.5351
-2.07366	6.98688
-3.26042	4.14453
2.32524	-4.95237
-4.20673	5.70248
3.47838	-6.77872
3.41319	-6.22704
-1.6484	6.34954
-1.14828	4.97629
3.04623	-5.24385
4.00715	-7.68998
-3.31468	4.1477
-1.26235	5.24871
-0.868097	4.48892
4.08049	-7.13845
-3.14198	3.52078
0.00290054	3.5958
4.07396	-6.99518
4.83222	-8.82722
3.6809	-7.43516
3.26267	-6.70997
3.97641	-7.23743
2.69803	-5.72586
0.521068	2.9137
0.0388817	3.66216
3.32291	-6.38666
4.56719	-8.38486
-3.37004	4.20954
3.67727	-6.37585
2.84134	-5.87604
-3.77257	5.29006
3.84667	-7.53629
-4.20539	6.41205
-3.63052	4.74902
3.42655	-6.9906
-1.81801	6.19112
-0.665785	4.28849
-1.64442	5.64449
4.37347	-7.6828
3.26024	-7.09225
-1.23486	5.46854
4.44177	-8.38777
-1.17838	5.14811
4.06836	-7.35671
-1.84428	5.4611
-4.21323	5.19411
-2.10461	6.38784
3.61086	-7.2135
4.30676	-7.05401
-3.09367	3.81598
0.262284	3.23207
4.35828	-7.50804
-0.821992	4.36387
3.88561	-7.79394
-0.370128	3.78386
1.89685	-5.09179
-1.59296	5.78076
4.07941	-6.95486
3.59746	-6.93839
-2.06505	6.18934
-2.73321	7.45474
-2.01193	6.07405
4.23827	-7.54086
-2.86793	3.51201
-4.19179	5.03494
-0.471596	4.19975
-3.08878	3.1225
-3.37386	3.57716
-3.99144	5.18714
-3.35349	3.74528
3.55589	-6.89038
-5.03816	6.71259
-1.81821	6.30705
-0.034968	3.17513
-2.01977	6.59965
0.353258	3.60093
-0.96401	5.33743
-3.5864	5.09158
-3.78543	4.80902
-0.634911	4.94924
-1.1266	5.30836
0.225899	2.97501
4.02853	-7.92406
-1.40628	5.36613
-1.00651	4.89313
-4.24996	5.79246
-1.0174	5.21793
-2.11637	6.33191
-3.23441	4.38215
4.22016	-7.52226
-3.80777	4.86232
-4.41068	5.29271
-1.61514	5.20569
3.13702	-6.65919
-2.77153	3.80548
-2.25854	7.36959
-2.68005	3.58669
-1.76918	5.9887
-3.21284	4.38415
3.92187	-7.21596
4.57609	-7.94366
4.71973	-8.29987
-1.59727	5.60583
2.99489	-6.21067
3.24963	-6.20645
4.17452	-7.92573
3.52121	-6.18802
-3.83342	4.49872
3.05122	-6.919
-2.78606	7.1999
-1.56136	5.58895
-1.23261	4.61261
-1.25784	5.06045
-0.537039	4.64664
-1.31743	5.91799
-3.40078	4.77281
-2.37282	7.2927
-4.17552	4.98576
-0.232328	3.95623
-5.36026	7.08498
3.30715	-6.85818
-2.68695	3.32889
-2.67737	3.02561
-3.46418	4.43021
0.506015	1.9108
-3.09638	3.70071
-0.785813	4.79849
3.61114	-6.7236
-0.991812	5.42433
-4.84934	6.15788
-3.01286	3.60934
-4.45078	5.37919
-0.13849	3.44214
-2.4021	6.59149
3.359	-6.86911
2.77947	-6.27962
2.89944	-5.91098
-3.39917	3.57118
4.14873	-7.63872
-2.70328	7.17321