-0.967737	-0.389191
0.288148	0.302344
-0.771421	0.645762
-0.969158	0.2951
-0.512239	-0.172872
0.487479	-0.853878
-0.461637	-0.212922
-0.439374	-0.319943
-0.123874	0.443239
0.481115	0.201429
0.120899	-0.475191
-0.362963	0.383171
0.286719	0.319811
0.104784	1.04437
0.441844	0.153919
0.103436	1.01843
-0.597912	-0.805874
0.148713	0.426435
0.499686	-0.116857
-0.32662	-0.327024
-0.540778	-0.821816
0.779179	-0.582378
-0.678727	-0.767642
0.319869	-0.441113
-0.290573	-0.440269
-0.134843	-1.00351
-0.483437	-0.0980075
-0.980132	0.125747
-0.217222	-0.915437
0.461827	0.30915
-0.503084	0.921952
0.291161	0.414947
-0.305788	-0.329224
0.142852	-0.957992
0.526049	-0.0664124
-0.446208	-0.8669
-0.209819	0.435217
-0.594609	-0.758756
1.03924	0.0554896
0.296104	-0.439568
0.715243	0.714993
-0.466257	0.0180194
0.280459	0.525215
-0.0791198	-0.484608
-0.242334	-0.47155
0.56978	0.00964565
0.390442	-0.346972
0.641809	0.779053
-0.894198	0.395525
0.576457	-0.895176
0.0923801	0.624871
-0.94045	-0.25408
0.846305	0.363605
-0.745849	0.626492
0.233692	0.520007
0.00828118	0.963418
0.168925	0.89424
0.0131941	0.548905
0.786509	0.567549
0.178998	0.430685
-0.0597904	0.486457
0.470954	0.0315744
-0.514515	0.00336184
0.560717	-0.824832
-0.279218	0.891162
1.03279	0.331508
-0.382443	-1.02188
0.453568	0.205755
-0.898618	0.348589
-0.48967	-0.801454
-0.301995	-0.380079
0.335284	0.232094
-0.142733	0.891713
-0.834033	-0.556019
-1.00341	0.130539
0.93449	0.428492
0.504057	-0.0310886
0.0701368	0.448685
0.49806	-0.988128
0.550461	-0.13031
-0.531645	-0.207856
-0.993352	-0.286714
-0.149218	0.466918
-0.719027	-0.631414
0.138056	0.932118
-0.618075	-0.830712
0.174974	0.925017
-0.52897	-0.883178
-0.836173	-0.634349
-1.03302	0.241746
-0.337487	-0.867133
-0.491299	0.141236
0.351292	0.343557
0.87517	0.54217
-0.472644	0.251274
0.522562	0.117209
0.129071	0.498193
1.03448	-0.0951702
-0.266627	1.0222
-0.519101	0.139923
0.260371	0.423627
0.146656	-1.01882
-0.726548	-0.528924
-0.387781	-0.939697
0.475288	-0.016465
0.717273	-0.728923
1.00552	-0.126728
0.0275485	0.565699
0.519673	0.0939753
-0.32402	0.433449
-1.02181	-0.175606
0.37521	0.285106
-0.000640545	1.06601
-0.429432	-0.181392
-0.237152	0.410768
-0.335133	-0.378282
-0.794946	-0.637244
0.982342	-0.022998
0.158742	0.91271
-0.941982	0.187772
0.483678	0.0551453
0.0971044	0.967336
0.867722	0.559605
0.509866	-0.274409
0.600214	0.794836
-0.932856	-0.459195
0.533652	-0.771653
-0.964972	0.301583
-0.938091	-0.321043
-0.227097	0.99737
-0.342772	-0.428075
0.482837	0.022757
0.0345486	0.994313
-0.447835	0.0985157
0.584755	0.0531966
-0.269517	0.494186
0.472805	-0.146258
-0.140936	-1.00057
-0.0304931	0.946731
-0.411785	0.912587
-0.552575	0.202752
-0.605784	-0.701516
0.139591	-0.487071
-1.08617	-0.0250902
-0.174775	-1.03083
-0.389033	0.92658
-0.0542553	-0.486879
-0.216381	-0.4479
-0.518368	-0.72682
0.766022	0.689153
-1.06837	0.121909
0.649438	0.733715
-0.450097	0.176694
0.404621	0.320776
-0.513355	0.821043
-0.946886	-0.324623
0.910979	-0.387306
0.817091	-0.52921
-0.638327	0.793569
-0.540216	0.0797336
0.25364	0.397943
0.364786	0.897027
-0.764525	-0.570142
-0.975548	0.305607
-0.424503	-0.0158353
0.441946	-0.311074
0.512736	-0.205036
-0.0757083	0.45108
0.423277	0.903541
-0.420316	-0.272994
0.16266	0.491076
0.231311	0.441154
0.132947	-0.503331
0.0465052	-0.517112
-0.435836	0.250706
-0.806954	0.339048
0.870582	0.444572
-0.419564	0.174417
-0.461178	0.880356
0.237137	-0.413374
0.818653	0.552331
-0.320578	0.333917
-0.396828	1.01646
-0.00892582	0.931203
0.391108	-0.385044
-0.488554	-0.0623718
1.00658	0.297851
-0.0528135	-0.488897
-0.931176	-0.0239296
0.342594	0.301293
0.284384	-0.444145
-0.886016	-0.480342
-0.608439	-0.849591
-0.262974	0.937197
0.220997	0.482571
-0.943202	0.473378
-0.731427	0.641527
0.248214	0.931037
-0.515625	-0.20725
0.518569	-0.947145
0.413484	-0.276683
1.09006	0.0281966
0.374134	-0.365992
-0.21209	-1.02509
-0.824544	-0.341203
-0.404075	0.252205
-0.12403	-0.946942
-0.231729	-0.422335
-0.796365	-0.434604
0.481675	-0.0883923
0.435724	-0.293759
-0.26554	-0.317741
-0.00591561	-0.428878
-0.0269114	0.518507
0.444593	-0.120552
0.934148	-0.263624
0.3945	0.872181
0.85632	-0.4833
0.345925	-0.337704
0.952173	-0.0974351
-0.96411	-0.192132
0.120569	0.515203
0.25023	-0.968488
-0.274968	0.370262
-0.373232	-0.376237
1.08415	-0.177322
-0.107588	-0.872005
-0.473543	-0.319812
0.686872	-0.565676
-0.019057	1.02482
-0.319293	0.302322
-0.406973	-0.298271
-0.110153	0.526184
0.307732	-0.845628
-0.837461	0.440848
0.32772	-0.231491
-0.385559	0.215669
0.44519	-0.199381
-0.44611	-0.292782
-0.757499	0.725111
-0.923946	-0.280716
-0.262069	0.403485
-0.352701	0.299581
0.41049	0.35249
0.38563	-0.879188
0.0509541	1.07658
0.0670742	0.87966
0.24347	-0.455738
0.309364	-0.492305
0.858362	0.614871
-0.13368	0.935452
-0.393492	0.208001
0.0171539	-0.527506
-0.879307	-0.512331
0.426255	0.406666
-0.44446	0.451171
-0.612838	0.0647815
-0.376837	0.436625
0.0777238	0.416964
-0.0496771	-0.517835
-0.545883	0.971156
-0.196105	0.510304
0.472333	-0.226528
0.762873	-0.655303
-0.0390921	-0.538276
-0.473178	0.104547
0.261602	-0.43141
-0.800711	0.744925
-0.14617	1.02968
0.856237	-0.359809
0.963593	0.481557
0.45636	-0.192272
0.367688	0.496601
0.00789098	0.608775
0.077068	0.538095
-0.426739	-0.280443
-0.465765	0.856123
-0.0652952	0.439356
0.49865	-0.903468
-0.548429	0.904333
0.762862	0.659909
-0.190011	0.424265
-0.0519044	-0.516148
-0.928323	0.0362921
0.208727	0.492591
0.0716331	0.410079
-0.318374	-0.388826
0.290526	-0.978477
-0.0144497	-1.01831
-0.970226	0.0483289
-1.01437	-0.114252
0.456767	0.368902
-0.557435	0.0800072
-0.892402	-0.173288
0.951918	-0.167266
-0.554627	-0.0260048
-0.956159	0.255063
-0.404822	-0.225455
-0.936164	-0.181409
0.514368	-0.121015
0.659262	-0.794643
-0.161417	1.0166
-0.0531605	0.539263
-0.575258	-0.808218
1.00812	0.0324033
0.540854	-0.954842
0.0794032	-0.488364
1.02153	0.0753192
-0.203123	0.481044
-0.52935	-0.0406613
-0.438012	-0.917932
-0.489008	-0.0267508
0.801969	0.605039
0.548108	0.759512
0.449189	0.837167
-1.00679	-0.0169959
0.210316	-0.987087
0.815884	-0.569306
-0.496584	0.0205676
0.386326	0.215375
-1.05799	-0.0526117
0.0219924	-0.953688
0.347047	-0.297865
0.608795	0.770581
-0.467816	-0.212565
-0.404955	0.321661
-0.224933	-0.468256
-0.926141	-0.264026
0.400905	0.232526
-0.446665	0.390066
0.561623	-0.813187
-0.811663	-0.663688
-0.997206	-0.153023
-0.954077	0.189307
0.541395	0.881159
0.527137	-0.101458
0.901425	0.598119
-0.464944	-0.218492
-0.70068	-0.627788
-0.393952	0.922305
0.978623	-0.224297
-1.02079	0.374303
0.944775	0.13456
-0.499957	0.164338
-0.886993	0.201795
-0.104741	0.554616
0.253952	-0.438176
0.172188	1.02265
0.962076	-0.134838
0.862628	0.583865
0.993026	0.0794791
0.229282	0.569028
0.402634	0.125762
-0.123096	-1.00384
-0.436784	-0.360172
-0.455668	0.342779
0.820596	0.565023
0.835588	-0.637755
-0.474004	0.161756
-0.735888	-0.638803
0.422889	0.0188959
0.424671	0.184238
-0.444881	0.0714595
0.0349899	-0.507742
0.906023	0.162285
0.542231	0.75216
-0.303495	-0.372357
0.76208	0.684044
-0.524081	-0.872726
-0.713077	-0.67963
0.156743	-0.472904
-0.950032	0.489962
0.433465	0.0514231
0.189303	0.47245
0.331196	-0.418295
-0.326285	0.917104
0.262978	0.949987
-1.03661	0.16873
-0.388126	0.349751
0.312795	-0.404323
0.773126	-0.529698
-0.331617	0.28104
-0.0639416	1.00835
-0.983546	0.169551
-0.40722	0.405842
-0.674578	-0.761489
-0.393345	0.379569
0.0310158	0.511467
0.020492	-0.406457
0.720991	-0.61575
0.533736	-0.0378193
0.920941	0.386189
-0.223489	-1.03242
0.470152	0.151895
-0.0424407	1.07499
0.286089	0.952165
0.792958	0.536173
-0.748639	-0.675526
-0.193395	-0.930308
-0.28843	0.338251
-0.103306	0.513738
-0.255753	-0.482875
-0.746155	-0.719872
-0.0381624	-0.960155
0.146229	-1.01172
-0.453765	-0.0832032
-0.460559	-0.185521
0.789394	-0.457143
0.875054	0.545608
0.0770117	0.552225
-0.557584	0.761904
-0.498382	0.284437
-0.443844	0.0109954
0.552129	0.250286
0.908728	0.25311
0.873078	-0.394292
-0.156902	0.4762
0.24878	-0.532617
0.00475499	-0.952358
0.980328	0.254205
0.00731849	-0.500748
-0.688538	-0.759335
-0.179418	-0.367199
-0.176223	1.03526
0.13192	-0.508329
-1.12754	-0.17163
-0.460919	-0.13278
-0.900924	-0.330375
-0.535619	0.188253
0.70196	-0.745475
-0.821598	0.459002
-0.778634	0.508928
-0.914478	-0.461014
0.291709	-0.387963
-0.171263	1.04618
-0.819194	0.573868
0.985314	-0.151461
-0.437645	0.0944903
0.0770416	-0.602249
0.516619	-0.0147144
-0.316183	0.35901
-0.896824	0.365056
0.589688	0.822947
-0.525873	-0.0550465
-0.365652	-0.338177
0.51484	0.782623
-0.878515	0.556101
0.360585	0.304603
-0.132227	-0.959856
0.439333	0.235927
-0.10294	-0.939314
-0.416687	0.0922625
-0.212472	1.03224
-0.351517	0.275012
0.387259	-0.323325
-0.837641	-0.523148
-0.927514	-0.358243
0.0395927	0.432137
-0.503384	0.19692
0.227651	0.395782
0.429365	0.193887
0.944622	-0.43525
-0.742447	-0.660237
-0.719495	-0.661131
-0.520636	0.8982
-0.243875	-0.440452
0.477489	0.869305
0.118155	0.43245
0.865911	-0.542861
-0.947756	0.312794
-0.174934	-0.390292
0.850437	-0.386716
-0.631163	-0.816047
-0.957212	-0.347249
-0.343691	0.447631
-0.579195	-0.985002
-0.906552	0.421162
0.931266	0.131287
-0.497423	0.0950852
0.287254	0.2922
1.0414	0.253278
0.348256	-0.351161
-0.541199	-0.871435
-0.10348	-0.527113
0.461677	-1.01461
0.145178	0.528245
-0.185828	0.422955
-0.184221	0.465946
0.197231	0.478657
-0.433225	-0.145007
0.100337	-0.9931
-0.381614	-0.277755
-0.498176	-0.900359
-0.203731	0.419451
0.325315	0.872217
-0.444989	-0.311609
-0.65955	-0.718602
0.930528	-0.00664918
-0.487233	0.23557
0.222157	-0.41969
1.02629	-0.0104075
0.16107	0.916599
0.921962	0.295394
-1.03415	0.136372
0.918464	0.507726
0.489336	-0.185835
0.239092	-0.519017
0.031603	0.417448
0.832945	-0.526236
-0.836154	0.356205
-0.741668	-0.615769
-0.116137	-0.43308
-0.312739	0.204473
0.0725287	0.496377
-0.36116	-0.295628
-0.402445	0.319428
0.0167689	0.54359
0.77949	-0.583469
-0.469308	0.161115
0.80422	-0.555059
-0.975232	-0.290782
-0.683566	0.589927
0.424745	0.192447
-0.0451844	0.475864
-0.630446	0.77702
0.404316	-0.366055
-0.293689	-0.919272
-0.189354	0.417174
-0.416584	-0.0425233
-0.236611	-0.456988
0.507232	-0.298691
0.134026	-0.574627
-0.50345	-0.0119876
0.151302	0.58548
0.074337	-0.473673
-1.01028	-0.21892
-0.936761	-0.444749
-1.00332	0.461864
-0.388614	-0.93994
0.122436	0.444102
-0.391072	-0.258421
0.0731443	-1.03996
0.265073	-0.946588
0.494248	0.148064
0.15428	0.602314
0.182366	-0.464332
0.317604	-0.311011
0.183488	-0.886744
0.887867	-0.441173
0.0840867	0.4724
-0.398151	0.912425
-0.766186	-0.623966
-0.575424	0.85268
-0.285739	-0.38188
0.982701	-0.274962
0.458477	-0.136439
-0.101897	0.46034
-0.090964	0.449188
-0.0682675	0.998454
0.270593	-0.336835
-0.596513	0.754643
0.491422	0.127192
0.0441836	-0.547523
0.477116	0.111093
-0.208575	0.472311
0.220584	-1.01279
-0.48189	-0.303555
-0.196326	-0.996853
0.127983	0.436658
0.286465	-0.454987
-0.000212636	-0.520539
-0.787243	0.45798
0.498626	-0.176055
0.868217	0.0144593
0.0162457	-0.535686
-0.308843	-0.356081
-0.0164587	-1.07384
0.845978	-0.570363
0.690225	0.866143
-0.00454776	0.934218
-0.486788	0.854757
0.276864	0.453816
0.346659	0.990039
0.455029	-0.943989
0.0319608	0.520529
0.538721	-0.236256
-0.705836	0.729643
0.323788	0.919257
-0.286251	-0.90986
-0.954816	-0.357789
-0.781323	0.494513
-0.973618	0.343641
0.971327	-0.448041
0.656096	0.777014
-1.04043	0.048684
-0.867742	0.374384
0.591748	0.756087
0.313824	-0.852244
-0.118175	0.485723
0.434165	0.0969879
0.431631	-0.156306
0.684858	-0.690435
-0.707939	0.77644
0.962258	-0.365918
-0.527433	-0.0204582
-0.958021	0.276774
-0.556377	-0.123149
-0.308706	1.05193
0.463567	0.144375
0.512012	0.137812
-0.223739	1.06088
0.891173	-0.584413
-0.941074	0.340309
1.01269	0.357857
0.731909	-0.627921
-0.565677	0.0107253
-1.04885	0.382203
0.600188	0.738929
0.590183	-0.763519
0.285204	-0.43641
0.0177305	0.532484
0.395975	-0.32076
1.00196	0.249027
-0.994206	0.172536
0.00553233	-1.02518
0.505945	-0.265113
0.977937	0.27905
-0.438831	-0.861712
0.808223	0.418316
-0.0719013	0.564821
-0.872927	-0.32064
0.503281	0.00610517
0.0833657	0.984068
0.335925	-0.209079
-0.357536	0.264794
0.179616	-0.39941
-0.010078	0.487092
-0.187304	-0.456737
0.457036	0.219527
-0.934635	-0.359746
-1.01433	0.144207
1.00688	-0.233424
-0.0745506	0.437177
0.258463	1.01135
-0.523853	0.224944
0.783062	0.519192
0.940646	0.494035
-0.0890954	0.978277
0.721816	0.57535
-0.295432	-0.264338
0.389929	-0.886139
-0.0556968	-1.006
-0.592963	0.849587
0.803793	0.578085
-0.090598	-0.529669
0.410479	-0.171026
-0.5585	0.144796
0.392807	-0.247237
0.10765	0.537407
-0.493036	0.189412
0.476195	-0.134204
0.15666	-0.491762
-0.24587	0.463168
1.06783	-0.0162382
-0.172263	0.955083
-0.277172	-0.426416
-0.382798	-0.440214
0.145193	0.444107
0.379804	0.180882
0.244771	-0.434096
0.0490789	0.972878
0.114172	0.529823
-0.248398	0.472122
-0.479977	-0.0976484
0.207733	-0.49061
-0.311661	-0.471309
-0.803465	0.470783
-0.936606	0.0863939
-0.505882	-0.277837
0.553926	0.810725
-0.529106	0.0377537
-0.231433	0.513303
0.875861	0.275738
0.520163	0.124707
0.794823	-0.845372
-0.837991	0.493324
-0.475952	0.096448
0.446439	-0.181059
0.429726	0.21442
-0.54404	-0.039014
-0.297003	0.424431
0.296175	-0.476023
0.0462137	-0.878404
-0.237879	0.455651
-0.433884	-0.87576
0.465906	0.147743
0.0143288	-0.474704
0.366393	0.368656
-0.422209	0.883233
-0.61342	-0.864423
-0.379669	0.260481
0.418701	-0.102777
-0.529137	-0.0215012
0.089943	0.418536
-0.182448	0.483743
-0.120538	-0.53781
-0.88879	-0.327706
-0.606904	-0.853899
-0.918632	0.251685
0.306993	-0.353623
-0.381676	-0.248112
0.118477	0.509397
-0.179484	0.490339
-0.736412	0.743065
0.506965	0.354821
0.441249	-0.356283
0.0520908	0.40277
-0.950305	-0.30034
-0.835098	-0.657937
-0.914689	0.0115486
-0.484506	-0.823278
0.0656597	0.376942
-0.459332	-0.213236
0.541589	-0.0155429
0.301344	0.396448
-0.0345142	-1.03806
-0.374567	-0.380484
-0.0788848	-0.937246
0.794901	0.500869
0.441178	0.0180871
0.402384	0.258824
0.225252	0.991347
0.512134	0.941574
0.132013	-0.536642
-0.661409	0.730434
-0.0226783	-0.563736
0.192946	-1.04599
-0.543381	0.862166
0.41181	0.11564
0.448668	-0.291943
0.334709	-0.511178
0.302938	-0.876674
-0.84703	0.526983
0.128529	0.495166
-0.195773	0.574007
-0.155771	-0.958905
-0.0963152	0.458289
-0.363239	0.324346
-0.0868412	0.53553
-0.379475	0.449508
0.20847	0.924942
-0.763979	0.560746
-0.726259	0.626075
-0.163003	-0.368928
0.381191	0.299397
0.135321	0.991092
0.614127	0.878168
-0.454567	-0.32914
0.989697	-0.06554
-0.331925	0.422931
-0.485082	0.366751
0.411483	-0.289722
0.613896	0.830726
0.398459	-0.812177
0.297942	-0.302084
0.784937	0.523236
0.448248	-0.226386
0.629716	-0.819677
0.550194	0.0611352
-0.117959	-0.995655
-0.553171	0.0993772
-0.637298	-0.728731
-0.172304	-0.974669
0.385237	0.253196
-0.312059	-0.38013
-0.565037	0.723166
1.00838	-0.368954
0.315065	-0.503012
0.448362	0.181992
-0.398541	0.224884
-0.779167	0.67652
0.478632	0.214029
0.992458	-0.104773
-0.519807	-0.00570664
-0.353441	-0.846234
0.137308	-0.565802
0.805555	0.616768
-0.33935	0.465418
-0.641894	-0.732624
-0.404676	-0.33665
-0.425006	0.886336
-0.482386	-0.257141
-0.829411	-0.653038
0.506562	0.838289
-0.350396	-0.912288
-0.857269	-0.553359
0.740677	-0.771319
-0.757848	0.701352
0.703553	-0.804781
0.686003	0.793758
0.20011	0.403848
0.119628	0.416259
0.285306	0.916795
0.128163	0.423521
-0.254838	0.403054
0.883899	0.551092
0.192954	-0.927353
-0.868384	0.307108
-0.434486	0.891717
-0.357231	-0.27448
-0.183607	0.482864
1.01622	0.132525
-0.0292941	0.379051
0.515772	0.850483
0.241421	-0.366991
0.965412	-0.370447
0.432408	0.304356
0.958709	0.440158
0.284972	-0.328368
0.585509	0.754745
0.382183	0.423565
-0.65933	0.745984
0.471665	0.0550245
-0.470794	0.242701
0.368164	-0.177423
-0.992587	-0.0389154
0.23662	0.377113
-0.17846	-0.521054
0.299702	0.942949
0.997368	-0.211504
0.340965	0.34931
0.661766	0.657143
-0.0559042	0.536852
0.16819	-0.53217
-0.550379	-0.830435
-0.20842	-0.405772
0.937583	-0.0213945
-0.442509	0.12582
0.226673	0.521738
0.727801	-0.808629
-0.98268	-0.256805
0.230109	-0.396688
0.194158	-0.395425
-0.0441717	-0.426525
0.887746	-0.476898
-0.715268	-0.74211
0.483103	0.119045
-0.614729	0.805344
1.01498	-0.221997
0.837935	-0.507522
0.58378	-0.897028
-1.0626	0.150125
0.359127	-0.447383
-0.261159	-0.553145
-0.398043	-0.0190099
0.423908	0.281038
-0.334313	0.992361
-1.01163	0.242279
-0.819806	0.601467
0.40442	0.102225
0.142765	1.04244
-0.122199	-1.0563
0.0434526	0.490023
-0.357031	-0.948178
0.600937	0.871265
-0.825469	-0.64977
-0.198288	0.497474
0.0174151	-0.921211
0.71495	-0.585913
-0.207813	-0.464769
0.530041	0.779354
0.255129	-0.324055
0.400631	-0.999874
0.831498	0.686087
-0.840447	0.661858
-0.529982	-0.00814527
0.624039	0.833349
-0.17777	0.437856
0.427689	0.19589
0.833247	0.609041
0.465325	-0.197583
0.0260581	1.02695
0.69029	0.794751
0.0805704	1.00796
0.495773	0.300356
-0.837127	-0.673642
-0.237175	0.425236
0.106049	0.558913
-0.853351	-0.460405
0.831351	-0.673916
-0.181489	0.545405
-0.849355	-0.359631
0.823377	0.626191
-0.947633	-0.0649074
0.548395	0.0968372
-0.689847	-0.651496
-0.482018	0.037495
-0.946779	-0.0274258
-0.36325	0.412559
-0.525386	-0.869478
-0.644895	-0.768265
0.995943	-0.351297
-0.484707	-0.0968554
0.508312	0.147242
-0.878822	-0.503282
0.316252	-0.3828
0.880115	0.561784
-0.00434486	0.532602
-0.929772	0.214533
0.80684	0.575735
-0.18347	1.01505
-0.331987	-0.47397
-0.847018	0.552352
-0.47081	-0.307672
-0.99442	0.00464223
0.501327	-0.033205
-0.341853	0.845943
-0.00589877	-0.388913
0.637919	-0.841105
1.02292	-0.178088
-0.627384	0.71902
-0.718676	0.571804
-0.621415	0.80825
-0.305964	0.345743
-0.357211	-0.28088
-0.489431	0.0527772
-0.140556	-1.0198
-0.100497	0.405116
-0.36673	0.319669
0.416744	0.295349
-0.0301123	0.509921
0.287717	-0.321624
0.991835	-0.0477948
0.45716	-0.0829506
-0.575568	-0.174734
-0.0944055	-0.486
0.663932	0.685344
-0.427741	-0.218148
-0.546249	0.0045587
0.554712	0.266507
1.05097	-0.113785
0.387215	-0.309247
0.0887637	0.537796
-0.338869	-0.320462
0.459485	0.942194
-1.03489	0.106352
0.184696	0.975402
-0.0625076	0.585392
0.228526	-0.43624
0.31371	-1.04202
0.47446	0.0517927
0.262843	0.846349
0.532903	-0.809248
0.530473	0.23925
-1.02857	-0.187975
-0.519818	0.137945
0.277396	-0.428207
-0.243587	-0.454982
0.697775	0.76616
-0.530901	0.138391
0.499011	-0.171688
-0.193956	0.455039
-0.592294	-0.713473
-0.756279	-0.564182
-0.935314	-0.409198
0.0342828	-0.492094
-0.43932	-0.933834
0.93833	-0.132028
-0.442309	0.952395
0.962169	0.308393
0.933925	-0.45259
-0.00984851	0.442768
0.426659	-0.186587
-0.138447	-0.977693
0.599566	-0.678605
-0.418911	0.360546
-1.02606	0.366165
-0.707448	0.581988
0.560396	0.82745
-0.596813	0.72653
0.279184	0.42231
0.53974	-0.0323215
-0.0712633	1.02278
-0.312233	-0.959014
0.305745	-0.905365
0.371601	0.243955
-0.947885	-0.397575
-0.0493799	0.540317
-0.881436	0.50473
-0.418842	-0.0665132
-0.29784	-0.438285
-0.283329	0.920151
0.582803	0.839945
-0.264524	-0.948585
0.426671	-0.202354
0.127786	-0.481824
0.47862	-0.0130821
0.740592	-0.719389
0.593109	0.835866
0.110365	0.559348
-0.031829	-0.983508
0.483802	0.269142
-0.867562	-0.549614
0.211724	-0.999035
-0.193965	0.450544
-0.201224	-1.01353
-0.93801	0.130389
0.408585	-0.956302
0.519503	-0.889309
0.0704869	-1.05914
0.269799	0.327218
-0.227798	0.955779
0.142308	-0.478338
-0.326156	0.479321
-0.488596	-0.799877
0.573528	-0.0757559
0.349789	-0.941124
0.459717	-0.0855142
-0.702978	0.778655
0.377197	-0.440016
-0.95465	0.0662391
0.846865	0.35408
0.0152431	1.10317
0.886375	0.602343
-0.0930491	0.482314
-0.576608	0.805451
0.312565	-0.458829
0.122628	0.487668
-0.215598	-0.460101
-0.955351	0.0206614
-0.458368	-0.159167
0.329871	0.946272
-0.475909	0.10351
0.504177	-0.221788
-0.317099	0.22616
0.447471	-0.133606
-0.347623	0.304971
-0.985099	-0.0254343
-0.856289	0.588269
-0.515732	-0.00120305
0.0721409	-1.08741
-0.120772	-0.457145
0.564407	0.240004
-0.0795187	1.08064
-0.434564	-0.219357
0.421153	0.921134
0.406821	0.281949
0.760116	-0.746707
-0.0011921	-0.515297
0.0418233	-0.406815
-0.0125269	-0.482691
0.22857	-0.94166
-0.424587	-0.235559
-0.273946	0.286614
0.541619	-0.0445858
-0.201433	-0.473903
-0.241516	-0.445693
-0.505668	0.261683
-0.941957	-0.486937
1.00457	0.0317024
-0.47799	-0.372698
-0.25515	0.491459
-0.365749	-0.384482
0.512184	-0.901379
-0.260744	-0.424687
0.187617	-0.500188
-0.579639	0.852107
-0.21406	-0.911843
-0.393427	0.939515
0.476918	0.0628675
-0.555005	0.844239
0.64199	0.786394
-0.26416	0.901104
0.306167	-0.504385
-0.996237	-0.45883
-0.808437	0.656283
-0.784944	-0.614652
0.392106	-0.254888
-0.194236	0.513864
-0.659934	-0.536405
-0.22202	-0.487557
-0.329575	0.376206
-0.573745	-0.797463
-0.474723	0.0719523
-0.892958	0.389964
1.08077	0.0958623
-0.299433	-0.947928
0.382531	-0.371907
0.186275	-0.459667
0.490917	0.0541536
-0.501346	0.0396087
-1.02405	-0.159931
0.702088	-0.660969
0.421075	-0.913464
0.498202	0.174981
-0.338769	0.234204
-0.675281	-0.722749
0.366471	-0.302673
-0.267961	-0.916922
0.981421	0.323965
-0.0886518	0.463119
-0.423354	-0.328013
0.872504	0.528314
0.294707	0.375668
0.00298269	-0.531441
0.864561	-0.386298
0.447482	-0.235193
-0.465867	-0.876531
0.256204	0.459661
-0.0119054	0.439686
-0.462062	0.00749778
-0.444669	0.319264
0.478969	-0.151983
0.311018	0.821715
-0.512113	0.900603
0.0541565	0.505528
0.429817	0.230724
-0.9205	-0.444965
-0.0451688	-0.987941
0.28155	0.472865
-0.322953	-0.374127
-0.102202	0.536733
0.111026	1.02919
0.229889	0.433027
-0.348438	-0.38624
0.937419	-0.06199
-0.539219	-0.93405
-0.533035	0.187454
0.440149	-0.915033
-0.933926	-0.247617
0.840285	0.62784
-0.321367	-0.948936
-0.169202	-0.51435
0.48174	-0.320556
0.0257639	-1.14925
-0.545436	0.101798
-0.115386	-0.535808
0.103061	-0.966395
0.930332	0.369716
-0.455511	-0.0226415
0.502966	0.839282
-0.466696	-0.934552
-0.262474	1.04092
0.533104	-0.114886
-0.484776	0.0925164
0.879453	0.296414
-0.822975	-0.605862
-0.659242	-0.750817
-0.295953	-0.511912
0.948539	-0.423317
0.122119	-0.977084
-0.107824	-0.406012
0.719275	0.635151
-0.0852491	-0.955654
-0.396135	0.0417873
0.538492	-0.110154
-0.136162	0.401623
-0.717975	-0.594479
-0.0875822	-0.387531
-1.07396	0.0337495
0.254618	-0.436876
0.421592	0.299412
0.500127	-0.0906343
0.376479	0.271528
0.265896	1.0349
0.29959	-0.409003
0.385557	-0.393815
0.379526	-0.951709
-0.336382	-0.888009
0.242623	-0.464936
-0.0332065	-0.434962
-0.178556	-0.462106
0.236676	0.502659
0.575725	-0.863215
-0.664933	-0.697458
-0.179866	-0.519828
0.2864	0.446935
-0.162704	0.481405
0.209903	-0.461072
-0.459615	-0.165856
0.364767	-0.396259
-1.04772	-0.0386366
-0.434547	0.338612
0.458634	0.307806
0.970376	0.284935
-0.0794385	-0.464981
0.121902	0.419837
0.286652	0.397542
0.244025	0.325747
0.351482	-0.350701
-0.51293	-0.733494
0.958392	0.0302522
-0.345031	0.396482
0.291112	-0.36965
-0.528453	0.156404
1.00504	0.205292
0.128265	0.455443
-0.446563	-0.818065
-0.616555	-0.774188
0.505752	-0.164059
-0.144239	-0.561025
-0.860237	0.49187
0.133504	-0.989588
-0.412418	0.286933
0.102939	-0.549631
-0.0887712	-0.472944
0.0447122	0.944597
-0.46421	-0.118641
0.198214	0.469356
-0.80846	-0.559473
-0.77605	0.684241
-0.362477	-0.404337
-0.623305	0.707963
-0.358683	0.896804
-0.494778	-0.201847
0.484761	-0.190243
-0.162759	-0.952804
-0.146982	-0.424692
0.50763	-0.0463219
0.875565	-0.483753
-0.819386	-0.561591
0.911654	0.259407
0.58737	-0.813434
-0.208703	0.401945
0.734872	0.652433
0.138748	-0.514265
0.494228	0.964445
-0.207027	-0.409392
-0.318361	0.369758
0.414324	0.175937
-0.107501	-0.982509
0.4544	-0.249208
0.636203	0.787162
0.538587	0.835191
0.0638362	-0.491903
0.266915	0.938888
0.447361	0.338498
-1.03864	-0.203542
0.368383	0.135825
-0.781826	0.435155
0.579386	0.0242652
-0.413066	-0.367661
0.339475	-0.849646
-0.0177241	-0.559008
0.295928	-0.348328
0.449729	0.0140096
-0.392784	-0.34771
0.207103	-0.486483
0.0878045	1.03932
0.616781	-0.893813
-0.451531	0.157689
0.428638	-0.0471915
-0.90253	0.32403
-0.460663	-1.03115
-0.328929	0.958364
0.24304	-0.912159
-0.270798	0.464636
-0.891558	-0.269515
0.317404	-0.301998
-0.978085	-0.0996492
-0.29805	0.9684
0.468538	-0.0705037
0.650164	0.859921
-0.868695	-0.452977
-0.718429	0.703199
-0.0992458	-0.52118
0.389383	-0.0702545
0.418019	0.224267
0.361084	0.354877
0.352147	0.291644
0.398188	0.870563
-0.727012	-0.613631
-0.90154	0.0127221
-0.581267	0.0384436
-0.404737	-0.152623
-0.487853	0.14288
-0.201319	0.961915
0.553492	0.118546
-0.134461	0.357776
0.825061	0.518389
-0.510437	0.0325691
0.44044	0.294607
0.112291	-0.448772
0.167727	-0.366386
0.0362386	-0.518136
-0.640332	0.818328
-0.0272911	0.456362
-0.552876	0.874234
-0.155732	0.473805
-0.319973	-0.36173
0.189378	0.48846
0.447496	-0.0987016
-0.611624	0.871201
0.368544	0.928374
-0.883176	-0.415533
-0.171048	0.418161
0.460541	-0.341421
-0.72991	0.689898
0.333236	0.254156
0.528063	0.00331897
-0.0341248	0.973045
0.508836	-0.044653
0.468375	0.885482
0.361431	-0.922538
-0.279963	-0.396945
0.759883	-0.707767
-0.490334	0.104558
0.507535	-0.138364
0.949984	-0.278303
-0.379885	-0.462723
-0.942637	0.327964
0.0642484	0.469743
0.0967391	-0.457088
-0.0983162	0.51257
0.477197	0.1236
0.327774	0.408656
0.464489	-0.893095
-0.164179	0.495973
-0.513593	-0.903175
-0.924348	-0.554032
-1.02646	0.145833
-0.953326	0.228342
0.209221	-0.535936
0.182487	0.963362
0.0150619	-0.541661
-0.3947	0.268094
0.143489	0.480057
0.354304	0.924882
-0.317689	0.456917
-0.966688	-0.278607
0.821349	-0.554068
-0.365848	0.42068
-0.0875944	-0.486054
-0.885959	0.246192
0.0660796	0.504379
0.617818	-0.755362
0.279042	-0.372175
-0.259057	0.443013
-0.945902	-0.131486
-0.101901	0.537032
-0.422899	-0.01659
0.538828	-0.804316
0.641782	0.701751
0.990381	-0.236184
0.913552	-0.425475
0.506782	0.198914
-0.994205	-0.0519566
0.8914	-0.047202
0.41855	-0.198186
-0.974364	-0.245193
0.334221	0.987757
0.938966	0.00972312
-0.435127	0.209154
-0.277247	-0.515964
0.121528	-0.926324
0.636878	0.667443
0.00763034	-0.463819
0.441264	0.207085
-0.519136	-0.190235
0.32154	-0.45518
0.402878	0.862128
-0.0637458	-0.548274
-0.497858	-0.835955
-0.924651	0.200367
-0.559747	0.83625
-0.853814	-0.572037
-0.478379	-0.923803
0.94944	0.381129
0.320394	0.411623
-0.96173	-0.357586
0.062656	-1.00916
0.459259	-0.211748
-0.450778	-0.908558
-0.264876	0.322797
-0.248927	0.882859
-0.368843	-0.372896
0.461458	0.873675
0.508606	0.315017
-0.330696	0.313334
-0.359457	0.287613
0.0378009	0.985723
0.550926	0.788459
-0.161714	-0.436965
0.235309	0.507393
-0.501259	0.101674
0.507283	0.158352
0.447812	0.289168
-0.1473	0.430954
-0.678593	-0.694377
-0.452612	0.982017
0.948385	0.131171
-0.94278	-0.135607
-0.472405	0.14811
-0.275698	0.968086
0.502296	-0.875372
0.8849	0.0842091
0.35747	-0.236847
-0.491339	0.846973
0.021086	-0.564298
-0.440725	0.940563
-0.507375	-0.859975
0.936276	0.169663
-0.262215	0.321719
-0.436902	0.0514099
-0.613652	-0.711646
0.351585	-0.502092
0.0577867	0.516257
-0.158354	1.01002
0.919862	-0.348352
0.416881	0.317836
-0.604597	-0.853455
0.462454	0.139771
-0.0183854	-0.474768
0.0257435	0.514434
0.549867	0.0690825
-0.453939	0.927173
0.949275	0.130464
0.165957	-0.478694
-0.668263	0.846956
0.401081	0.97547
0.477359	0.194738
-0.542112	-0.860071
-0.454861	0.180878
-0.417887	0.17072
0.536017	-0.000691366
-0.224052	0.335354
-0.280872	-0.414606
0.336669	0.45108
0.456075	-0.148411
0.941107	-0.235162
0.81297	-0.514797
-0.179637	-1.01513
-0.326331	0.937786
1.02141	0.192591
0.237098	1.04529
0.490017	-0.813857
1.00793	-0.267207
1.04599	-0.220174
-0.0855675	-0.502859
0.521417	-0.807212
-0.320218	0.101734
0.268696	0.423063
0.256534	0.408908
0.415996	0.0498809
-0.134482	0.898535
-0.11671	-0.447116
-0.208189	-0.389113
-0.468211	0.178543
0.753622	0.652142
-0.419567	0.973605
0.376004	0.924543
0.500943	-0.225515
-0.215896	0.983521
-0.501409	-0.230891
-0.041999	-0.506078
-0.75946	-0.395319
0.457705	0.0311466
-0.306059	0.441604
-0.51427	0.13751
0.362191	-0.887316
-1.01183	0.0624392
0.392151	-0.247924
-0.186778	0.35866
-0.964194	-0.179926
0.489215	0.0551126
-0.982105	-0.0636657
-0.382455	0.298646
0.944703	-0.277146
-0.950861	-0.309881
0.409298	0.144047
-0.0744556	0.491589
-0.450097	-0.0694186
0.160559	-0.365473
0.870098	0.492973
-0.869483	-0.582606
-0.9519	0.069637
-1.03862	0.0704051
0.519645	0.829652
-0.730186	-0.642802
0.795097	0.370978
0.435098	-0.177183
0.946001	-0.38014
0.94829	-0.0212068
0.354139	-0.259041
1.01996	-0.225318
1.03465	-0.276506
-1.01377	-0.117237
0.460981	0.192426
1.01909	-0.142975
-0.0796965	-0.396582
-0.417256	0.897462
0.41904	-0.892047
-0.115124	-0.469724
-0.479029	0.11633
-0.00731564	0.457174
-0.615164	-0.693999
0.147768	-1.06691
0.900003	0.359173
-0.647784	-0.74064
1.00992	0.0951666
-0.0480718	-0.504586
0.903922	-0.366277
0.402902	0.35789
-0.577885	0.746641
0.481555	-0.85248
0.0668468	-0.554997
0.39643	-0.332832
0.75935	-0.575277
-0.292157	-0.464655
0.206819	-0.498608
0.511959	-0.949141
-0.9685	0.0211765
-0.534015	-0.287675
0.848908	-0.577049
0.846434	0.417388
-0.291801	-0.250763
0.343509	0.33699
0.25013	0.467511
-0.220485	0.432466
-0.790259	0.658608
1.04519	-0.0178787
-0.404779	-0.336553
-0.530514	-0.00172129
0.0824346	0.578213
0.974137	-0.382317
0.147081	1.01636
0.972046	0.464331
0.82105	0.545322
-0.888309	0.620833
0.384255	-0.455985
-0.405639	0.275105
1.03717	0.204374
0.572478	-0.731776
0.442355	0.0561761
-0.521853	-0.0583967
0.9338	0.0534753
-0.133407	1.02193
-0.302949	-0.424472
0.12036	0.457566
0.0561796	-0.436849
-0.600912	-0.866372
0.376387	-0.278924
-0.814837	0.461936
-0.485358	-0.00922233
0.120817	-0.556197
-0.255447	0.458531
0.293752	-0.408307
-0.798218	0.615531
-0.495036	0.408024
-0.504063	-0.17201
-0.448924	0.250851
0.489058	0.0674037
0.283241	0.978738
-0.3983	-0.976408
-0.818837	0.603319
-0.0887952	-0.48385
0.455146	-0.0159625
-0.472761	-0.0643577
0.262593	0.971967
-0.452858	-0.193828
0.0317957	-1.07547
0.998039	0.134708
-0.337082	0.330239
0.514946	-0.0137932
-0.800966	0.569322
0.450006	0.140615
-0.414412	0.883217
0.16675	0.586774
0.364455	-0.22502
-0.22285	0.975223
0.288738	0.286095
-0.398735	-0.217909
0.242085	-0.985909
0.51831	0.0269664
0.0754519	-0.518105
0.489567	0.221227
0.272112	-0.99416
0.392834	-0.97639
0.604258	0.859707
0.44789	-0.944272
-0.507674	0.0448478
-0.47936	-0.0999322
0.712191	-0.599963
-0.543854	0.774736
0.685317	-0.841442
0.311213	0.278377
0.261935	-0.353092
0.435409	0.22328
0.476359	-0.173577
0.219162	1.0243
-0.203793	-0.47845
-0.491899	-0.787261
0.341551	0.366565
-0.479733	-0.0788767
-0.195479	-0.975603
0.532017	0.800185
-0.429136	-0.109328
0.62416	0.874254
0.355387	0.341116
0.209739	-0.528609
-0.677765	-0.693086
0.185078	-0.421167
0.283833	0.401863
0.326501	-1.13881
0.241246	0.568814
-0.26378	-0.361358
0.0778587	-0.931922
-0.999739	-0.0592358
0.712646	-0.663995
-0.958857	-0.343092
-0.833035	0.738552
-0.989898	-0.236939
0.266868	0.448397
0.627494	-0.80987
-0.553116	0.0977241
0.35934	0.285773
0.129311	-0.493236
-0.446744	-0.279025
0.23925	0.406427
-0.750903	-0.690673
0.341161	0.911418
0.482237	0.861732
-0.9308	0.351053
0.734011	-0.721598
0.225596	-0.399254
-0.38855	0.361315
0.64862	-0.674034
-0.498673	-0.121222
0.358623	0.312439
-0.929463	-0.501525
-0.335378	-0.437954
0.448083	0.861282
0.4881	0.11874
0.00564454	1.044
0.329343	0.437568
-0.13351	0.438168
0.459091	0.997745
-0.414287	1.03519
0.3274	0.296767
0.930595	-0.247301
0.274253	-0.90505
-0.281877	-0.500571
-0.256448	-0.380002
-0.0137332	-0.474641
-0.0249366	0.433224
0.127244	-0.99398
0.633685	0.771086
0.732336	0.698531
-0.71991	-0.691431
-0.174008	-0.973715
0.770591	0.588508
1.01485	-0.161247
-0.701439	-0.752939
0.485315	0.30577
-0.194898	-0.409829
1.01694	0.0273254
-0.973995	-0.0570161
0.155113	0.451623
-0.833437	0.617587
0.485186	0.0198651
-0.926283	0.237744
-0.843231	-0.606905
0.298625	-0.431672
-0.374399	0.938733
-0.501703	0.00108325
-0.464356	-0.15274
0.101836	-0.51571
-0.104055	-0.381926
-0.0794828	0.499216
-0.911979	-0.400791
0.348077	-0.294597
0.298926	0.387627
0.146943	0.569777
-0.363829	-0.354695
0.426365	-0.0740903
0.594471	-0.102383
0.91694	-0.0310079
0.743317	-0.731801
0.180913	-0.898641
0.151962	0.549919
-0.882411	0.410971
-0.966221	-0.119776
0.274021	0.903306
-0.189407	-0.4482
0.126129	0.529185
0.8759	0.562163
-0.14382	-0.503374
0.961065	0.303464
0.00143642	-0.409136
-0.192219	-0.316798
0.527839	-0.244311
-0.946849	0.17644
0.803565	-0.598559
0.0902152	-0.407284
0.866707	0.266841
1.08768	0.206217
-0.637819	0.74237
0.610101	-0.852973
0.230742	0.400739
0.929294	0.0576064
0.89823	-0.613106
-0.455166	0.041516
0.779247	-0.689957
-0.0206393	-1.03325
-0.939211	0.513612
0.400567	0.147737
-0.812694	-0.473929
-0.39528	0.294902
-0.488272	-0.938412
0.485644	0.0716353
-0.459186	-0.264416
0.244502	-0.953677
-0.874558	-0.397566
0.412712	0.24599
0.458359	0.178259
0.213108	0.927264
0.986327	0.435202
-0.227927	-0.997116
0.511723	0.848731
0.0675091	0.507772
-0.930768	-0.61222
0.0842896	-0.496481
-0.821972	0.659075
0.148888	-0.991043
0.235867	-1.03673
-0.705128	0.716269
-0.383306	-0.233074
0.27925	0.434331
0.758899	0.606216
-0.0907539	0.879391
0.617677	-0.751104
0.876789	0.551305
-0.978856	-0.0174249
0.0532356	-0.545511
-0.490622	-0.187592
-0.384732	0.196277
0.741485	-0.874945
-0.419526	0.377588
0.298473	-1.00479
-0.266494	-0.950838
0.229467	-0.458952
0.402139	0.422153
0.613866	-0.108435
-0.350367	-0.300941
0.882425	0.367296
0.976003	0.154702
-0.448449	-0.0534808
0.837718	-0.683589
1.00404	-0.283681
0.326957	0.447596
-0.590213	-0.134448
0.542622	0.146881
0.273904	0.34927
-0.50954	-0.0967556
-0.469359	-0.16752
0.556825	-0.228026
-0.177749	1.0181
0.543529	0.0192848
0.425771	0.828146
0.00585141	-0.427278
-0.530143	0.174087
0.835424	-0.578136
0.0418129	-1.00991
0.689618	-0.804981
0.346475	-0.881712
-0.303193	0.36285
0.513821	0.832467
-0.173134	0.474512
-0.458358	0.0660012
-0.268329	-0.941416
0.194715	-0.452692
0.211608	0.452425
-0.271543	-0.292052
-0.0293293	-1.02758
0.26477	0.972353
-0.845071	0.571986
-0.952403	-0.491705
-0.128205	-0.559266
0.188291	-0.457635
0.361614	-0.380138
-0.281256	-0.319487
-0.679767	-0.752398
0.853407	0.329734
0.867803	-0.333933
0.230563	-0.500681
-0.387032	1.03204
-0.50406	0.183683
0.711452	-0.812765
-0.244145	0.48683
0.120558	0.448443
-0.355439	0.456675
0.430178	-0.285959
-0.580857	-0.000990506
0.261444	-1.01602
0.972426	0.0452726
-0.860053	-0.554544
0.981099	0.0698453
-0.734749	-0.592588
-0.527104	-0.113104
-0.547367	-0.110857
-0.512697	-0.173724
0.543129	-0.0827718
0.493982	-0.00993607
0.335996	-0.827655
-0.370904	-0.239403
0.0254953	0.531427
0.608006	0.80093
0.286153	0.877647
-0.401466	0.233586
-0.918843	-0.0610262
0.925423	-0.366191
-0.706338	-0.723643
-0.0201566	-0.439697
0.134182	0.526976
-0.438066	0.235339
-0.238964	-0.50467
0.774243	0.689692
0.360823	0.944953
0.0800755	-1.02361
-0.591334	-0.867636
0.403257	-0.247361
-0.793925	-0.505928
-0.3717	0.336764
-0.991142	0.129054
0.0158416	0.537738
0.307062	-0.928087
0.771502	0.487082
0.301491	0.350288
0.884007	-0.514157
0.417284	-0.14942
0.40193	-0.358199
-0.0400513	-0.406413
0.484382	-0.851519
-0.427888	0.111218
-0.304767	0.341461
0.592862	0.738745
0.251961	-0.926183
0.244266	-0.327107
-0.0384448	0.960313
0.161798	0.409922
-0.919801	-0.44804
-0.40601	0.37158
0.418768	-0.28852
1.0373	0.273514
0.409373	-0.875521
0.99211	0.222735
-0.329217	-0.177395
-0.158439	0.499301
0.752688	-0.446039
0.059501	0.942949
0.3281	-0.310074
0.0428894	1.01409
-0.0455786	0.51601
0.128905	1.06873
0.26498	0.35208
0.92557	-0.0797275
0.893666	0.337146
0.269209	-0.972354
-0.27736	-0.955458
0.839342	-0.584795
0.231942	0.475076
-0.409422	0.253575
-0.973983	-0.114154
0.384668	-0.315262
0.228415	-0.458063
0.0636419	0.467123
-0.887363	0.371121
0.190359	0.491124
0.983547	0.270126
-1.07411	0.0212432
-0.915278	-0.310727
0.454211	0.0615748
-0.564617	0.800464
0.848468	-0.53441
-0.943569	-0.269997
-0.0137532	0.995666
0.372413	0.24993
0.304799	0.318421
0.421835	0.126523
0.177969	0.460068
0.467046	-0.238701
-0.441815	0.963362
-0.490892	-0.0854782
-0.123945	0.465352
-0.511774	0.272964
-1.06712	0.0830907
0.691109	0.736926
0.821972	0.601129
-0.998625	-0.0945813
0.443595	-0.800292
-0.243591	0.453436
-0.705018	-0.84504
-0.380712	-0.324838
0.457752	-0.964531
0.541988	-0.84406
-0.268446	0.35067
-1.05551	0.0894966
-0.940036	-0.353883
-0.580599	0.805612
-1.03063	0.112137
-0.0716103	0.981796
0.464852	-0.0614731
-0.249765	-0.961227
0.355216	-0.327888
-0.784473	-0.696073
-0.305521	-0.973679
-0.498596	-0.0922222
0.89986	-0.465408
-0.412054	0.469143
0.980103	0.432149
0.210864	0.498874
0.826163	-0.363521
-0.298026	-1.03906
-0.152248	-0.521967
0.114387	0.429443
-0.212563	0.400971
0.590712	0.700105
0.953266	-0.108792
-0.758606	0.552819
0.175676	0.983465
0.24729	0.360099
0.961516	0.058032
0.193316	-0.432215
-0.0790634	1.02032
1.00478	0.21649
-0.434761	-0.958664
0.485023	0.0113703
-0.23616	-0.491832
0.781787	0.634883
-0.134863	-0.966285
1.03265	0.162654
-0.83821	0.632046
0.862081	0.408815
-0.1645	-0.499575
0.226945	0.46902
1.04385	-0.352807
-0.506522	-0.253691
-0.0500714	0.507241
0.226279	-0.527392
-0.0615394	1.02769
0.456268	0.34456
-0.445761	0.368009
-0.375496	0.366786
0.0370903	0.532224
0.487611	0.0218384
-0.39452	-0.228866
0.931627	-0.450939
0.303708	-0.940464
0.870039	-0.368916
1.04042	0.220559
-0.699625	0.771269
0.883056	-0.458189
-0.555464	0.0627846
-0.291905	-0.895754
0.00204552	0.515989
0.939811	-0.0270049
0.0837972	-0.475782
-0.358821	-0.237695
-0.051506	0.466419
0.270725	-0.369057
0.591983	0.828095
0.16075	0.517911
-0.283981	0.442707
-0.641371	0.748791
0.585098	-0.800155
0.199102	0.448661
0.909537	-0.27206
-0.273722	-0.340344
-0.352022	-0.380799
0.729474	-0.715947
0.447448	-0.328271
-0.270807	0.441336
0.939776	-0.263562
0.5266	0.190644
-0.425503	0.222271
-0.185388	-0.4953
-0.946499	-0.398558
0.464118	-0.250612
-0.884887	-0.564305
0.968312	0.321064
-0.56207	0.785345
-0.39135	-0.905378
-0.494407	0.812387
-0.487487	-0.175028
0.704726	0.712006
0.720072	0.807294
-0.220328	-0.473223
0.360095	0.0566165
-0.821248	0.503723
0.500144	0.0480217
-0.979704	0.106811
0.358994	0.972121
-0.407571	0.849157
-0.919307	0.460424
-0.192364	0.989172
0.0372785	-0.999799
-0.198437	-0.434795
0.401432	-0.332682
-0.118442	-1.03789
-0.249065	0.969058
0.715472	-0.638929
0.0313149	-0.540903
0.383709	0.492475
-0.486882	0.227173
0.246893	0.527029
-0.389511	0.34415
-0.117543	1.03468
-0.559448	0.174759
-0.298226	-0.285307
0.483781	-0.78131
0.138354	0.345396
-0.567815	0.0910687
0.32097	0.0908747
-0.526221	0.788946
-0.0704931	-0.51918
-0.143628	0.429945
-0.295081	0.370483
-0.53039	-0.819203
0.924174	-0.266556
0.431959	0.136631
-0.285151	0.495426
-0.171564	0.403804
-0.378037	-0.364139
-0.227445	-0.90965
0.421027	1.02939
-0.314746	-0.386492
-0.695588	-0.806378
-0.499304	-0.38919
-0.841828	0.723414
-0.919301	0.304743
0.967185	0.0318373
0.884505	-0.48087
0.241247	0.991779
-0.260713	-1.00524
-0.518207	-0.204178
0.141372	-0.480532
1.00138	0.171835
0.181457	-0.370085
0.910186	-0.273522
0.118165	0.569275
0.0567915	0.471349
-0.0236281	0.97988
0.366964	0.319239
0.301184	0.420614
-0.955029	0.0360613
-0.897128	0.185068
-0.715195	-0.56827
-0.0444305	-0.539225
0.0830437	1.02121
-0.923802	0.449912
0.176791	-0.402219
0.08491	-0.535182
0.43116	-0.194971
-0.388288	0.21772
-0.222124	-0.562321
-0.984238	-0.269687
0.462055	-0.212602
0.961882	-0.0344228
0.607913	0.0516431
0.150708	-0.512893
-0.41055	0.2275
-0.257951	-0.361521
0.631207	-0.75581
0.877222	-0.509132
-0.213569	0.468776
-0.842629	0.609343
0.411114	0.314922
0.271469	-0.351813
-0.468105	-0.295468
0.892591	0.451103
0.847054	-0.609256
-0.407777	-0.272315
-0.918104	0.261597
0.577479	0.185368
-0.367139	-0.93136
-0.252566	0.976887
-0.112915	1.00149
-0.478758	0.939747
0.101208	-0.90677
0.0937258	-0.571777
0.132134	-0.985495
0.452824	-0.024524
0.365393	0.387481
-0.919925	-0.41011
0.474693	-0.179387
-0.998117	-0.33581
-0.823156	-0.747039
-1.01326	0.180968
-0.468873	0.216711
-0.952096	-0.453892
-0.273508	-0.993668
-0.433813	-0.227426
0.621049	0.739791
-0.175092	0.532644
-0.399453	0.338088
0.390951	0.426031
0.524486	0.115433
0.741889	0.686969
0.678692	-0.829926
-0.108167	-0.432057
-0.0830892	-0.430888
0.414488	0.230956
-0.201701	-0.422956
-0.928615	0.476466
-0.602254	-0.0890802
0.387535	-0.951765
0.934264	-0.134548
0.971944	0.230999
0.478398	0.193013
0.461376	-0.124599
-0.0623265	0.449183
0.966148	-0.0142206
0.698441	0.749192
0.703051	0.6527
0.879553	-0.247491
-0.74487	0.718843
0.0407898	-1.05789
-0.54034	0.858043
0.955558	0.202991
0.457295	-0.849362
-0.19684	-0.414315
0.469787	0.83716
0.839621	-0.522724
-0.174816	0.54278
-0.285806	0.972914
-0.644629	-0.624873
0.431907	-0.221879
-0.429276	0.24403
0.551814	-0.700661
-0.309546	-0.312861
-0.326013	0.364609
0.576606	-0.151833
-0.0655892	-0.53923
0.025604	-0.482617
-0.303576	-0.405541
-0.483425	0.0917089
-1.00954	0.251465
-0.458642	0.240784
0.330488	-0.320214
0.796291	0.648507
0.409647	-0.251069
-0.234803	-0.953623
0.937993	0.243987
0.442515	-0.0946424
0.76002	-0.665542
0.0559533	-0.997468
0.843733	0.710528
-0.391624	-0.149127
-0.075679	0.512273
0.467172	0.000519001
0.41458	-0.323382
-0.559202	0.794634
-0.92408	-0.0821061
-0.938205	-0.208189
0.403127	0.297049
0.0384722	0.414984
-0.520208	0.815645
0.464288	0.433984
-0.447169	-0.15335
-0.827808	0.50119
-0.75488	0.595747
-0.336194	-0.357771
0.694629	0.721281
-0.522167	-0.0357643
1.11851	0.213271
0.893045	0.538943
-0.40922	0.983287
0.676632	-0.689616
0.0340108	-0.55175
-0.0713531	-0.493167
-0.241014	0.501423
0.00241271	1.07395
0.145352	0.516064
-0.466899	-0.260782
0.139263	0.44415
-0.0697729	0.503874
-0.247847	0.391881
-0.790774	-0.604876
0.27039	0.383638
0.0843843	-0.601625
0.249002	0.991939
0.446766	-0.907646
0.508294	0.0665467
0.0944684	-1.04111
-0.42802	0.199838
0.0459418	0.945909
0.454869	0.183664
-0.397555	0.182469
-0.167202	-0.474704
-0.55214	0.0674154
0.111491	1.02765
-0.874318	0.462843
-0.479677	-0.871179
0.199746	0.542737
-0.344074	-0.434163
-0.387014	-0.931337
-0.304923	-0.260836
0.000121542	-0.531555
-0.0935044	0.977065
-0.731679	-0.702493
-0.406871	-0.866952
0.661288	0.665153
-0.554141	0.0546716
0.433111	0.120406
-0.384201	0.265176
-0.455696	-0.924346
-1.02514	0.0291141
-1.03059	-0.305686
-0.52883	-0.930423
0.883675	-0.348617
0.47444	-0.0478174
-0.420053	-0.240478
0.158133	-0.38981
0.0462443	0.43157
0.458457	0.0526604
-0.529206	0.950397
0.367952	0.925707
-0.474452	0.0567782
0.820381	-0.633018
-0.545144	0.151721
-0.176689	1.00807
0.192744	-1.03467
0.0828553	1.06426
0.856426	-0.550359
-0.300315	0.409922
0.158015	0.968903
-0.780885	-0.689966
0.631277	-0.763442
0.347511	0.344402
-0.895724	-0.252231
0.454663	-0.0419744
0.164587	-0.956755
0.998116	0.0172696
-0.930584	0.31259
-0.169276	-0.459713
0.315184	0.370282
-0.897278	0.332293
-0.350058	0.314951
0.163464	-0.485298
-0.404163	-0.190461
0.797209	0.70185
1.00139	-0.211006
0.493986	-0.154966
-0.16016	-0.956973
-1.01709	0.117269
0.19838	0.384402
0.330763	0.437204
0.458249	0.247447
-0.471486	-0.153056
-0.011028	1.01923
-0.41115	0.120112
-0.024374	-0.463052
-0.329664	-0.371853
-0.426556	-0.344494
-0.402948	-0.276636
-0.9414	0.231487
-0.390023	0.985572
-0.465991	-0.158527
-0.998211	-0.171906
-0.278659	1.07819
0.928521	0.198338
-0.30365	0.870881
0.128316	-0.520066
-0.175555	0.955564
-0.793522	0.5669
-0.089428	-0.992062
-0.938872	0.0327089
0.401967	-1.01343
0.859002	-0.611796
-0.69869	0.758135
0.474601	0.0845349
-0.868408	0.626478
0.373645	-0.887525
0.196737	-1.01331
-0.300198	-0.970768
-0.950009	0.0562727
-0.262247	0.919634
0.251617	0.320077
0.272864	-0.458335
-1.01706	-0.420841
-0.268066	-0.394767
0.139127	0.985196
-0.337904	-0.315888
0.0641951	1.01946
0.956013	-0.495014
-0.624084	0.0480046
0.255206	-0.396159
-0.363647	0.350909
-0.405435	0.887201
-0.487891	0.00259642
0.958197	0.568797
0.909864	-0.534934
-0.0230043	-0.94532
0.488061	0.0900171
-0.250795	0.518583
-0.461251	0.141031
0.355365	0.953724
-0.696852	0.751205
0.935791	0.401877
0.309838	0.959928
0.774946	0.656101
0.221079	0.506736
0.429776	0.816438
0.985179	0.0354027
1.01204	0.191599
0.0437418	-1.03134
-0.143047	-0.439853
0.54697	-0.91864
0.667402	0.772563
0.27231	0.92965
-0.42297	0.155549
0.965058	0.357367
-0.358913	-0.401561
-1.03064	-0.150014
-0.396803	0.374416
-0.743459	-0.732004
-0.302737	0.352936
-0.686275	0.661476
-0.469601	-0.0819381
0.442766	-0.32988
-0.411398	0.078972
0.216719	-0.960267
-0.30721	0.359253
0.151823	-0.432508
0.428423	-0.214158
-0.146895	-0.404127
0.120496	0.534451
-0.400328	0.290297
-0.603785	0.804741
0.983667	-0.298731
0.800277	0.504084
-0.490035	-0.0155374
-0.827864	-0.610257
0.996023	0.125555
0.0235658	-1.03268
-0.0377056	-0.9456
-0.0727567	-0.499817
0.898067	0.390304
0.214633	-0.454383
-0.868259	-0.49776
-0.0674243	-0.543711
-0.840719	-0.467051
0.384032	-0.882946
-0.315094	0.446674
0.225772	-0.982803
0.33703	-0.433433
-0.549653	0.0975565
0.446476	-0.285178
-0.93916	0.211496
-0.296528	0.983863
0.263238	0.481502
-0.754811	-0.590832
0.0797991	0.564961
0.364455	-0.866725
0.870373	-0.396405
-0.42828	0.224235
-1.0155	0.165092
0.3045	0.432681
0.866534	0.280681
-0.836135	-0.461923
0.570052	-0.281519
0.798908	-0.658316
-0.894958	-0.204308
-1.00405	0.026222
0.85128	-0.487137
-0.389093	0.344384
0.749392	0.706439
0.398837	0.247353
0.421627	0.969742
-0.297647	-0.311107
0.280647	0.387411
1.06969	0.0628785
-0.326539	0.478995
-0.0636379	-0.554881
-0.33591	-0.889348
0.977872	0.226798
0.473387	0.137927
0.206288	1.05607
-1.02193	-0.193253
-0.952543	-0.30478
0.545851	-0.10546
-0.400059	-0.285084
0.308406	0.268506
-0.936118	-0.188551
0.389243	-0.801434
-0.923004	-0.00974562
0.407201	-0.249548
-0.627048	0.961557
-1.03318	-0.298108
0.0921307	-0.429617
0.468467	-0.263854
-0.182061	-0.524786
0.922874	0.219627
0.302014	-0.445779
-0.952053	-0.377538
-0.262767	0.433711
0.287383	-0.952408
-0.396288	0.36519
-0.996496	0.285987
0.948615	0.0143776
0.486437	-0.205649
-0.277049	0.89041
-0.965761	0.342563
-0.122529	0.975349
0.133611	0.960917
0.786532	0.586845
-0.169157	-0.450247
-0.407312	-0.207462
-1.04433	-0.0782296
0.489774	0.183429
-0.218269	-0.544865
0.0438655	-0.578946
-0.286352	-0.492462
-0.179969	-0.493469
0.255667	0.363997
-0.393721	-0.160291
-0.623331	-0.765318
0.185754	-0.994064
-0.882207	0.12986
0.253296	0.916707
0.311832	-0.382575
-0.151945	-0.515661
-0.408736	0.162357
-0.54887	0.0671795
-0.65257	0.706221
-1.01973	-0.0257482
-0.37964	-0.29836
-0.893687	-0.567171
0.389342	-0.379317
-0.0294501	0.499978
-0.6637	0.770645
0.347599	-0.420412
-0.281709	-1.11583
-0.479124	-0.131774
0.269574	0.443915
0.210783	-0.366222
-0.0572168	0.517995
0.801363	-0.694124
-0.303512	0.923616
-0.959129	-0.351883
0.670478	-0.761983
0.0020795	1.05419
0.749049	-0.567506
0.499338	0.175121
-0.345737	0.850137
0.47142	-0.0317604
-0.0251911	-0.513811
0.866518	-0.411789
-0.312814	0.438036
-0.289756	-0.376017
-0.749421	-0.775019
-0.75075	0.556182
-0.934678	0.292213
0.677302	0.806336
-0.529022	-0.774167
0.424247	-0.304244
0.209606	-0.970733
-0.274753	-0.24153
-0.531359	-0.123752
0.0381373	0.501499
-0.394873	-0.825921
0.303478	0.484099
-0.807331	0.75555
-0.492134	0.0541057
0.204951	0.912231
-0.767545	0.68242
0.281096	0.306341
-0.945693	-0.243102
0.821724	-0.731296
-0.136302	-0.58814
-0.317653	0.485776
0.443806	-0.140151
0.457797	0.282569
-0.100012	0.493419
-1.00987	-0.33666
-0.928651	0.39821
-0.264702	-0.954667
0.865804	-0.387601
-0.105495	-0.950303
-0.493579	-0.0188556
-0.532387	0.139709
-0.385418	-0.26243
0.430029	-0.258897
0.422797	0.961648
0.492864	-0.18759
0.0390509	-0.466033
0.676164	0.67389
-0.449791	-0.285888
0.979935	0.147621
0.4969	-0.132658
0.320623	0.917369
0.197032	-0.509451
0.141138	0.563097
-0.911047	0.468084
-0.722572	-0.676632
-0.523513	0.0209872
0.887493	-0.182449
-0.425938	0.304738
0.257016	0.949247
0.670431	-0.720743
-0.141451	-0.992623
0.538886	0.886744
-0.872069	-0.549719
-0.436696	0.280802
0.981764	0.291186
-0.346207	0.433259
-0.487485	-0.214434
0.782418	-0.645278
-0.880078	0.30022
0.906985	-0.168811
0.609426	-0.773681
0.473915	0.208068
0.957185	0.209345
-0.417673	0.917842
-0.855731	0.682451
0.544311	-0.103855
0.00273185	-0.988733
-0.146906	-1.0048
0.463784	-0.122123
-0.0608514	-0.497858
-0.156797	-0.498026
-0.706791	-0.644802
-0.0711406	0.568305
-0.197519	0.502376
-0.315944	0.32144
-0.663294	-0.7757
-0.506631	0.846376
-0.0324212	-0.415915
-0.331736	-0.269829
0.100866	-0.492448
-0.161829	-0.48898
6.52902e-05	0.931179
-0.311662	0.368461
-0.733095	0.675501
0.0747931	-0.497674
0.700497	-0.737006
0.312137	0.378422
0.809692	-0.738586
-0.613807	0.764479
-0.934468	0.54956
-0.117314	-0.966968
-1.02983	-0.14998
-0.499067	-0.0570471
-0.472419	-0.196854
0.565218	-0.154112
-0.12048	-0.598
0.305408	-0.391253
0.999556	0.124643
0.47429	-0.20246
0.871903	-0.530652
-0.348389	0.418442
0.233487	0.930417
-0.247596	0.307863
0.562552	0.0677186
0.408381	0.332059
0.483709	-0.163173
0.553106	-0.0821174
0.904664	-0.452914
-0.93149	-0.359412
1.05655	-0.107616
-0.944482	0.194964
-0.085633	-0.450762
0.533112	-0.152306
-0.468358	-0.198987
-0.390442	-0.320647
0.334609	-1.01653
0.312425	-0.356854
0.385834	0.231727
0.164791	0.380257
-0.211817	0.401355
0.470064	-0.324241
0.389061	-0.300329
-0.359082	-0.0754168
0.28116	0.461716
0.583033	0.841381
-0.470842	-0.191861
0.067112	-0.45966
0.418538	-0.364027
-0.356841	0.942459
0.809832	0.565265
0.450519	0.208115
0.495733	0.321093
-0.212278	-0.386243
0.106137	0.993477
0.440134	0.903334
0.287618	-0.420965
-0.845197	0.563633
0.495694	0.149608
-1.03553	-0.102234
-0.504129	-0.113416
0.528118	-0.231566
0.582656	-0.736784
-0.0759648	-0.969476
-0.215037	-0.975573
0.200606	-0.498277
0.96624	-0.0158867
0.339656	-0.988651
0.839723	0.408898
0.170278	-0.908633
0.859397	0.393613
-0.392988	0.936196
0.363109	-0.930726
0.165876	-0.40028
-0.206218	-0.429887
-0.343704	-0.942689
-0.286966	1.03045
-0.295662	0.376509
0.317299	-0.407379
1.02755	0.240109
-0.466934	-0.0943853
-0.0690215	-0.433665
-1.01146	-0.260689
-0.813972	0.58378
-0.947727	-0.360343
-0.329373	0.331461
0.130228	-0.516276
-0.12128	0.431527
0.501249	-0.0713278
1.03251	-0.0830455
-0.299491	0.468585
0.915515	0.398303
-0.80417	0.520115
0.760806	-0.763785
-0.0905892	-0.473667
-0.0179784	-0.517915
-0.076379	0.943234
-0.0471036	0.520724
-0.497537	-0.185791
-0.754945	0.632411
0.410249	-0.233935
-0.236271	-0.35745
0.213217	-0.541879
0.0716008	0.571033
-0.0999995	0.975053
-0.374122	-0.115818
0.0182505	0.522912
0.939902	-0.387797
0.74228	0.758447
-0.39135	0.200501
0.120702	-0.500628
0.0533577	0.970365
-0.366196	0.978027
0.944901	-0.1786
0.52799	-0.882131
0.741038	0.537727
-0.284366	-0.438233
-0.113895	0.519882
-0.416753	-0.885837
0.441389	0.963381
-0.535037	0.245179
0.515144	0.862208
0.277049	-0.428573
-0.237736	0.553973
0.154014	-0.501932
1.03031	-0.048927
-0.970295	-0.00636907
-1.08985	-0.0436788
0.911013	0.423429
-0.294908	0.30552
0.394921	0.288233
0.487185	-0.206291
0.817145	-0.527728
0.324293	-0.436361
0.610147	-0.670517
0.401659	0.24848
-0.901135	0.161716
0.897943	-0.40397
0.397256	-0.347934
-0.258732	-0.331603
0.490245	-0.841591
-0.0191373	0.589146
0.0329064	-0.555427
0.518175	0.0352771
0.839039	-0.490146
0.343489	0.389146
0.64837	-0.705686
0.912149	-0.400595
0.502256	0.240301
0.37128	-0.324879
0.0799721	0.576663
-0.458235	-0.216229
0.259073	-0.290644
-0.754763	0.732241
-0.24246	0.341336
0.0725474	-1.02594
-0.469154	0.0744827
-0.827805	0.5093
-0.626199	0.781181
-0.449723	0.315264
0.614923	-0.828325
0.308543	-0.974059
0.48326	0.0229804
-0.54086	-0.0952901
-0.107659	-0.542371
0.936111	0.227187
0.16164	-1.12081
0.0987791	-0.412152
0.427623	0.769819
-1.00177	-0.233074
0.0586922	1.01923
0.902026	-0.343141
0.41069	-0.0689544
0.716383	0.691383
-0.280407	0.410415
-0.000125532	-0.487922
0.0203017	-0.495215
0.808343	0.708906
-0.47234	-0.108721
-0.962803	0.304789
0.424594	-0.317483
-0.532742	0.171124
0.276896	-0.3759
-0.318175	-0.457574
0.398375	-0.257994
0.529223	-0.0739596
0.249149	0.492753
0.745366	-0.79744
-0.385694	0.220333
0.967574	-0.29616
-0.566332	-0.110766
0.137469	0.981002
0.915689	-0.14788
-0.564055	-0.764922
-0.460634	-0.0697917
0.3788	-0.323424
-0.363231	-0.396723
1.01144	0.18434
-0.469771	0.160733
1.10602	0.0395131
-0.171501	-0.477659
0.699953	-0.731607
-0.284724	-0.884604
0.206104	0.950085
-0.294128	-0.946119
-0.487494	-0.107255
0.310749	-0.974986
1.01431	0.345945
0.256768	0.43849
1.02718	-0.0740007
-1.00916	0.17299
0.454437	0.0168699
-0.917522	0.570582
-0.958097	0.159618
-0.301212	-0.42214
0.127254	0.483325
0.410172	0.281073
-0.55376	0.1211
-0.496493	0.112057
-0.419404	-0.312476
-0.542435	0.0928097
0.402233	0.380785
0.49363	0.903626
-0.609252	-0.0741932
-0.599034	-0.882294
0.990589	-0.0713205
0.642171	-0.855398
-0.39555	-0.0348117
-0.0333449	0.977786
-0.274094	0.405677
0.0909977	-1.01645
0.264212	0.352265
-0.103917	0.513981
-0.167504	0.427573
0.989997	-0.379972
0.513476	0.119948
-0.510206	-0.134278
1.0063	-0.277869
-0.332227	0.41275
-0.335097	0.36981
-0.363063	-0.333087
0.802446	0.520919
0.509158	-0.122445
-0.426977	0.924238
0.761323	0.697881
0.348427	0.422797
0.0741871	-1.02825
-0.595214	-0.785056
-0.40874	0.252788
0.983731	-0.230578
0.446351	-0.0201039
-0.499885	0.75754
-0.613919	0.0907057
-0.681813	0.682061
0.916248	-0.392074
0.0904256	-0.539433
-0.509231	-0.221979
0.481469	0.0457317
-0.499163	0.006888
-0.224744	-1.01358
-0.215669	0.954385
0.453987	-0.113655
0.409972	0.932656
0.432334	0.338078
0.332656	0.279642
-0.331098	-0.952815
0.494642	-0.0833263
-0.470563	-0.214645
0.186538	-0.431045
0.62894	0.880454
0.455167	0.202022
0.129514	-0.527495
0.453577	-0.110901
-0.523361	0.0570433
0.266093	-0.400511
-0.404559	0.935342
-0.522822	0.186102
-0.231153	-0.410028
-0.493151	-0.974897
0.466447	-0.0676483
0.370127	0.384153
0.436143	-0.795208
-0.17171	-0.981051
0.0778351	0.494482
0.460361	-0.0384306
0.0385824	-0.955741
-0.741857	0.63796
-0.119671	0.512496
-0.0767012	1.01841
0.152754	-0.530892
-0.178057	0.901118
0.435405	0.18903
-0.578491	-0.902939
-0.922406	0.367856
0.400507	-0.0775639
-0.877037	0.443183
0.295608	0.478905
1.00976	-0.468958
0.0392086	0.468617
-0.132162	-1.07644
-0.391736	0.31165
1.03251	0.404935
0.917465	-0.185091
0.89205	0.485266
-0.0757609	-1.02353
0.64352	0.66561
-0.531584	0.1099
-0.34328	-0.537472
-0.904191	0.507513
0.450913	-0.176604
-0.336062	0.434578
-0.169749	0.92328
0.892577	-0.527083
-0.581463	0.718058
-0.526228	-0.0695966
0.307758	-0.531022
0.267374	-0.539276
0.467287	-0.122546
-0.349568	-0.341508
0.207687	-0.963423
-0.951332	0.432695
-0.501174	0.341034
-0.784244	-0.58207
-0.416346	-0.924965
-0.822003	0.497941
1.03036	0.223399
0.847648	-0.71766
0.879914	-0.422458
-1.04426	0.0752254
-0.263051	0.336455
0.00282187	0.52156
-0.479174	-0.214
-0.143838	1.001
0.495394	-0.125406
-0.471791	-0.00833987
0.222624	1.01084
0.799634	-0.523674
-0.0753471	-0.522094
-0.542586	0.0218303
-0.283763	-0.376942
-0.419376	0.154179
0.235598	0.391535
-0.236195	0.465276
0.897313	0.394361
-0.39797	0.297794
0.47879	-0.313005
0.385785	0.120879
-0.691891	-0.741211
-0.059913	0.517597
0.916879	0.452936
0.759548	0.756681
-0.602216	-0.000393835
-0.0593373	-0.543435
-0.88683	0.491572
0.321887	0.358073
-0.784755	0.61919
0.0316914	0.464708
0.79609	-0.497617
-0.984542	0.227008
-0.364559	-0.335447
-0.861395	-0.474187
0.937578	-0.332494
0.120946	1.02609
-0.874055	0.38327
0.331358	-0.958144
0.939259	0.205112
0.390764	0.866114
0.482614	-0.0765748
-0.49106	0.0731085
-0.141415	0.379203
-0.112099	0.427804
-0.66647	0.821099
0.343388	-0.438166
0.436277	0.0394665
-0.290994	0.998723
1.07623	-0.216539
-0.678721	0.574455
-0.462075	-0.194424
0.938217	0.203554
-1.06906	-0.0538366
0.141109	0.556225
-0.130693	-0.988435
-0.115348	0.529876
-0.653031	0.791047
-0.0547739	0.506471
-0.354969	-0.309219
0.988361	0.388393
-1.06159	-0.159665
-0.252195	0.946676
0.472798	-0.253987
0.0168641	0.436218
-0.422103	-0.261295
0.231723	0.952051
0.700583	-0.643309
-0.70686	-0.587299
-0.376036	-0.357621
-0.174874	-0.467109
0.633521	0.808194
-0.482381	-0.211003
-0.506028	0.732811
0.496212	-0.195361
0.910163	-0.00118425
0.549836	-0.96488
0.315876	-0.926952
0.345988	-0.343536
-0.298048	-0.8776
-0.461961	-0.274355
0.159963	-0.41988
0.41463	0.24039
-0.487364	0.045404
-0.961942	-0.353595
0.0709449	0.511431
0.0406134	-0.592564
-1.04857	-0.160545
-0.882712	0.440027
0.383495	-0.249258
-0.620233	0.716694
-1.0297	-0.0211204
-0.104011	-0.477735
0.529017	0.250972
-0.733217	0.624244
0.588756	0.804807
-0.166811	0.997445
-0.448967	-0.00450734
0.913897	-0.321354
0.558342	-0.831934
0.904596	0.285909
-0.0276151	0.565603
-0.822104	-0.48987
-0.978093	0.294363
0.401047	0.941279
1.08317	-0.0550632
0.425419	0.201537
0.821918	-0.609223
-0.408369	0.207608
0.0409801	-0.473097
0.0545142	-0.466741
0.438384	-0.256152
0.940867	-0.331783
-1.01665	-0.177206
1.05054	0.275606
0.315443	0.390414
-0.848722	-0.438209
-0.0656749	-0.479621
0.472855	0.27227
-0.0767051	0.48429
0.373379	-0.241909
-0.142351	-0.37033
0.487811	0.929633
0.857876	0.539929
0.00676527	0.400839
-0.0153754	-1.02169
-0.532558	-0.902222
0.703224	-0.776097
0.0858326	-0.993181
-0.494364	-0.255382
-0.844597	-0.688527
-0.203052	-0.462463
-0.920786	0.297509
-0.139846	-0.397512
-0.386653	-0.070551
1.00818	-0.110428
-0.258217	0.517619
-0.0492529	0.98904
0.513246	-0.904556
-0.519744	-0.852666
0.4241	0.358133
0.375183	-0.39922
0.812571	0.463963
-0.777914	0.465185
0.492291	0.202549