0.710213	0.859587
0.530233	0.436655
0.774684	0.164479
0.193502	0.814448
0.20022	0.519714
0.81593	0.956172
0.269805	0.0333845
0.771206	0.630954
0.382593	0.73308
0.0422348	0.975202
0.731758	0.607124
0.773062	0.135019
0.982056	0.492108
0.727263	0.965152
0.746192	0.416519
0.856063	0.235814
0.819243	0.249386
0.3807	0.582929
0.800714	0.300826
0.957781	0.457544
0.856707	0.896649
0.717185	0.537702
0.167624	0.885832
0.278971	0.724521
0.319609	0.878976
0.210849	0.472662
0.946136	0.668924
0.126127	0.661824
0.720029	0.302743
0.0546963	0.322445
0.587257	0.56825
0.596749	0.829359
0.327823	0.399707
0.591212	0.302425
0.168099	0.70108
0.399657	0.232356
0.497306	0.569612
0.591857	0.683396
0.134406	0.318565
0.412312	0.812537
0.665483	0.559479
0.171865	0.963095
0.30222	0.331692
0.588919	0.337268
0.355246	0.959096
0.175678	0.901791
0.743595	0.785507
0.770907	0.0195333
0.605247	0.691356
0.9045	0.0621901
0.609268	0.309377
0.381626	0.788063
0.484864	0.44609
0.247992	0.0563277
0.349025	0.424094
0.983601	0.21056
0.895599	0.155114
0.245544	0.413375
0.190813	0.383907
0.68326	0.602251
0.749867	0.855929
0.673308	0.526471
0.765302	0.0761445
0.860869	0.532016
0.499564	0.710403
0.0654225	0.388682
0.819715	0.888415
0.444641	0.593949
0.935325	0.797414
0.585624	0.118204
0.766361	0.953811
0.894883	0.0479548
0.657671	0.735935
0.684556	0.0423903
0.789988	0.850286
0.587053	0.23717
0.607494	0.870281
0.804978	0.672503
0.151756	0.250255
0.953915	0.782978
0.0172045	0.282377
0.121656	0.666005
0.897201	0.372292
0.256145	0.386708
0.485246	0.626533
0.679518	0.157731
0.962356	0.342755
0.990597	0.847745
0.172811	0.680798
0.710581	0.191776
0.181558	0.710222
0.856771	0.964449
0.294739	0.829412
0.709496	0.2063
0.69778	0.227604
0.199209	0.0441019
0.411215	0.25845
0.845005	0.332318
0.949104	0.818345
0.443828	0.48692
0.786594	0.617234
0.579618	0.547084
0.0482201	0.218393
0.947719	0.505983
0.470114	0.147466
0.332126	0.342527
0.528803	0.316764
0.980199	0.0453647
0.55219	0.276406
0.667783	0.267878
0.891528	0.430175
0.972365	0.998268
0.45515	0.913128
0.0591156	0.43933
0.605654	0.443764
0.98779	0.283204
0.379068	0.103323
0.769829	0.599837
0.613224	0.942321
0.608942	0.0415591
0.566237	0.0776493
0.431373	0.506367
0.198132	0.0794022
0.758803	0.675136
0.922692	0.641463
0.732178	0.611562
0.15861	0.335549
0.669566	0.447355
0.248266	0.382696
0.995164	0.616343
0.829179	0.485549
0.56558	0.810673
0.49756	0.051333
0.398753	0.415688
0.631986	0.883592
0.197199	0.822172
0.0933735	0.864527
0.240158	0.790598
0.73325	0.124083
0.361904	0.367085
0.205991	0.240865
0.356817	0.0811103
0.26546	0.441307
0.860081	0.195575
0.783052	0.14964
0.314522	0.0454104
0.408446	0.829582
0.25811	0.541655
0.514372	0.525983
0.859148	0.524374
0.0458409	0.0584916
0.502419	0.909492
0.101158	0.288294
0.221225	0.839795
0.138642	0.771134
0.186619	0.956678
0.452892	0.97613
0.536386	0.0601525
0.700729	0.609028
0.942027	0.76373
0.874602	0.505006
0.0610479	0.424133
0.574549	0.296721
0.44267	0.380339
0.428779	0.424205
0.836678	0.156918
0.0652429	0.560044
0.377076	0.60866
0.875632	0.0821898
0.905179	0.876364
0.101512	0.869511
0.299956	0.548209
0.947804	0.638427
0.181782	0.118701
0.56535	0.0742977
0.0502916	0.575704
0.120202	0.542617
0.526807	0.27571
0.25433	0.633741
0.169034	0.268872
0.829397	0.968766
0.0978207	0.143384
0.467958	0.255024
0.213754	0.724526
0.865553	0.131019
0.503061	0.194191
0.837695	0.676012
0.550386	0.531634
0.0336001	0.349684
0.862025	0.725633
0.229741	0.850496
0.161203	0.961069
0.773555	0.416948
0.0459784	0.116216
0.992852	0.554104
0.933648	0.650727
0.145519	0.396703
0.169358	0.653784
0.143441	0.527017
0.673054	0.084846
0.367394	0.17083
0.333522	0.46222
0.999016	0.319813
0.655538	0.606174
0.110415	0.487636
0.0781575	0.369445
0.325808	0.640604
0.510066	0.858314
0.722395	0.381898
0.912066	0.827631
0.950915	0.0197701
0.146962	0.671835
0.659501	0.750505
0.218687	0.965814
0.0908807	0.991592
0.0784339	0.949159
0.669865	0.463868
0.51958	0.111757
0.113392	0.143525
0.809331	0.783616
0.88915	0.557386
0.577144	0.519006
0.904792	0.780929
0.149328	0.0822075
0.26965	0.981747
0.351023	0.0856081
0.334919	0.806412
0.128254	0.419008
0.729239	0.593164
0.0467233	0.861839
0.850645	0.923054
0.777462	0.442409
0.408054	0.0103354
0.708042	0.293091
0.249894	0.249899
0.0720822	0.393578
0.311749	0.869914
0.0134287	0.97919
0.483486	0.957579
0.761249	0.146717
0.277014	0.82024
0.776638	0.929888
0.876147	0.677476
0.846299	0.0347503
0.484713	0.529719
0.834276	0.161403
0.446029	0.605523
0.630175	0.975168
0.295854	0.223371
0.464959	0.792657
0.303902	0.173021
0.690146	0.754679
0.205828	0.188572
0.170432	0.651114
0.822683	0.741966
0.518296	0.501549
0.257666	0.851161
0.000670435	0.0942465
0.164605	0.988223
0.476738	0.957494
0.382474	0.91178
0.112986	0.20434
0.44511	0.75123
0.49563	0.955681
0.230913	0.032768
0.626862	0.185437
0.721482	0.284694
0.095502	0.965228
0.546019	0.874557
0.042841	0.377099
0.31913	0.228599
0.14699	0.345883
0.621451	0.96882
0.0426538	0.322996
0.543983	0.872364
0.531101	0.667708
0.114364	0.218521
0.379265	0.297572
0.636524	0.222549
0.582448	0.292017
0.277467	0.614518
0.311118	0.473972
0.094586	0.794505
0.408408	0.998978
0.505177	0.948035
0.108615	0.454736
0.55692	0.665408
0.0225975	0.713732
0.462783	0.297562
0.778794	0.404472
0.154247	0.570999
0.5739	0.365343
0.272234	0.0907419
0.631943	0.293355
0.317161	0.561989
0.366055	0.198694
0.376558	0.901135
0.558916	0.791052
0.38698	0.566934
0.327461	0.106535
0.913019	0.256531
0.479089	0.0690602
0.231847	0.108262
0.120028	0.975811
0.00950814	0.903261
0.454522	0.539628
0.645487	0.164478
0.972548	0.65323
0.140551	0.981309
0.410952	0.860171
0.91379	0.0506279
0.686998	0.966935
0.113202	0.284899
0.0361066	0.704976
0.0102257	0.713643
0.192332	0.720728
0.216633	0.470406
0.975549	0.553718
0.0961893	0.670305
0.0160165	0.87407
0.657054	0.22755
0.855171	0.520605
0.677599	0.435982
0.39863	0.105107
0.0591664	0.921644
0.165654	0.400176
0.732456	0.880714
0.246932	0.436021
0.806328	0.516643
0.28061	0.897113
0.74062	0.509727
0.064243	0.781324
0.967984	0.198218
0.174215	0.706582
0.0737011	0.315784
0.80742	0.588562
0.358092	0.955134
0.82949	0.6287
0.665716	0.726592
0.890894	0.118442
0.112562	0.482919
0.325478	0.289253
0.540095	0.24116
0.281219	0.318734
0.271704	0.447007
0.0437089	0.857516
0.0233823	0.937816
0.353335	0.420159
0.51526	0.231619
0.655707	0.556637
0.527426	0.223485
0.135606	0.853886
0.664805	0.843627
0.973873	0.832528
0.390609	0.356085
0.216647	0.108339
0.833154	0.931973
0.296345	0.853725
0.139025	0.0992111
0.806638	0.70472
0.504966	0.707572
0.767335	0.234302
0.195172	0.530658
0.188344	0.880058
0.378507	0.489918
0.16456	0.072621
0.33041	0.385459
0.569731	0.522609
0.821117	0.291222
0.536352	0.298797
0.394671	0.114836
0.0396959	0.121889
0.418789	0.464414
0.647223	0.810945
0.746741	0.117905
0.279506	0.679975
0.332158	0.170455
0.926415	0.662079
0.294288	0.0669076
0.557898	0.577416
0.462825	0.597465
0.912801	0.999207
0.675252	0.829408
0.793848	0.912883
0.00690709	0.491213
0.7732	0.774625
0.55964	0.835433
0.269403	0.680357
0.221477	0.25678
0.497345	0.077205
0.82275	0.329254
0.755738	0.681709
0.230436	0.771326
0.982728	0.269497
0.955183	0.35952
0.735973	0.192629
0.185326	0.803142
0.814359	0.148083
0.736992	0.699363
0.0171198	0.0863837
0.329052	0.400701
0.00651342	0.460144
0.828254	0.29396
0.915173	0.820688
0.0321734	0.871326
0.0181843	0.0781567
0.644123	0.680846
0.596587	0.363529
0.138855	0.769545
0.566209	0.389432
0.468524	0.0578395
0.543939	0.0253483
0.596592	0.182663
0.773372	0.608359
0.435257	0.466936
0.565006	0.0150347
0.707771	0.321327
0.160887	0.478998
0.344295	0.669428
0.312945	0.799889
0.975837	0.638491
0.873763	0.838892
0.92396	0.79396
0.913268	0.990569
0.0542221	0.797808
0.876449	0.564491
0.535578	0.298831
0.131798	0.378911
0.112963	0.50806
0.700124	0.796436
0.679163	0.385801
0.983918	0.478969
0.632993	0.591496
0.209456	0.32312
0.468067	0.160199
0.91326	0.695287
0.295912	0.360539
0.197136	0.201294
0.864122	0.572904
0.946409	0.13921
0.601885	0.289569
0.566586	0.489799
0.855142	0.775212
0.834109	0.653227
0.246301	0.500601
0.223103	0.695113
0.819048	0.204025
0.905001	0.385651
0.361374	0.473689
0.36223	0.850999
0.385429	0.298521
0.735009	0.534178
0.035893	0.860098
0.710631	0.944392
0.195956	0.664658
0.538454	0.819755
0.691225	0.764421
0.974307	0.159261
0.75356	0.674159
0.0922528	0.501399
0.998631	0.837476
0.223638	0.121893
0.619856	0.948105
0.179261	0.157102
0.777085	0.0835382
0.231831	0.671882
0.285707	0.976542
0.403092	0.707717
0.0181377	0.304875
0.71411	0.203031
0.395659	0.237934
0.711855	0.0190017
0.117317	0.415845
0.93331	0.678598
0.525529	0.885302
0.329968	0.637881
0.646654	0.761132
0.658407	0.0924594
0.339788	0.106301
0.57075	0.265284
0.0379256	0.995378
0.745341	0.66218
0.140569	0.753324
0.884915	0.407436
0.978946	0.61859
0.752037	0.350036
0.369485	0.397403
0.742506	0.683305
0.132777	0.25456
0.400395	0.129447
0.456238	0.353868
0.0512094	0.973894
0.102155	0.315444
0.540789	0.849901
0.41139	0.376024
0.072453	0.257063
0.605362	0.294774
0.733896	0.670717
0.317061	0.292221
0.213081	0.664276
0.179287	0.896955
0.630956	0.167541
0.96231	0.636988
0.424806	0.229618
0.557258	0.105521
0.742272	0.339679
0.748597	0.303777
0.204731	0.571626
0.986293	0.174313
0.598541	0.897404
0.789461	0.289816
0.298273	0.939269
0.0504702	0.669429
0.957581	0.260279
0.284715	0.990264
0.569964	0.155408
0.0599763	0.151699
0.138098	0.82769
0.551553	0.337025
0.326264	0.630625
0.486173	0.651213
0.343358	0.873129
0.884018	0.0742517
0.682937	0.723573
0.0179075	0.15928
0.892131	0.750224
0.891192	0.848281
0.865866	0.464562
0.341155	0.449832
0.562156	0.583933
0.832791	0.0454238
0.957145	0.439986
0.537912	0.0386137
0.492909	0.501445
0.20842	0.0451856
0.00164451	0.997072
0.374488	0.383059
0.692505	0.708465
0.184415	0.286127
0.113393	0.968586
0.230215	0.444102
0.694027	0.485025
0.96604	0.878371
0.881005	0.240363
0.386471	0.0899995
0.419685	0.718804
0.600633	0.425427
0.621535	0.272251
0.487998	0.326528
0.910013	0.48967
0.577763	0.812834
0.8798	0.956127
0.625231	0.961541
0.388943	0.264947
0.698926	0.661106
0.543619	0.519636
0.299412	0.916865
0.148518	0.619504
0.907217	0.575673
0.563657	0.509907
0.615489	0.214148
0.0503185	0.515504
0.65241	0.725658
0.758338	0.825128
0.260466	0.764195
0.691755	0.743572
0.160146	0.0923555
0.598993	0.206642
0.961784	0.513707
0.910691	0.266734
0.352808	0.675185
0.9426	0.246651
0.616291	0.816893
0.30012	0.306455
0.651389	0.638726
0.133688	0.0113642
0.249576	0.473455
0.268844	0.460891
0.123801	0.859849
0.456128	0.31528
0.792954	0.672543
0.443678	0.885474
0.459675	0.0725223
0.158252	0.709543
0.475995	0.816774
0.854128	0.166248
0.191991	0.459722
0.827053	0.952377
0.861887	0.600937
0.765652	0.864461
0.880038	0.317141
0.0791285	0.101582
0.298676	0.927798
0.355064	0.101376
0.430047	0.620055
0.678483	0.833953
0.774438	0.190117
0.136235	0.558514
0.581363	0.271029
0.576607	0.896936
0.399207	0.27119
0.869432	0.616527
0.886274	0.662567
0.74456	0.538974
0.229975	0.775671
0.782048	0.781939
0.489692	0.517617
0.957987	0.694248
0.180312	0.0336648
0.87804	0.896466
0.0234597	0.227624
0.540527	0.500847
0.720807	0.31968
0.215222	0.301234
0.863408	0.403072
0.829123	0.463808
0.658509	0.316096
0.777775	0.261939
0.293341	0.0354926
0.42755	0.402006
0.110746	0.390037
0.537816	0.33381
0.377935	0.548907
0.333224	0.965411
0.195464	0.347581
0.102418	0.478749
0.560574	0.711319
0.625862	0.982207
0.357862	0.463161
0.20382	0.887425
0.418441	0.395439
0.112244	0.0199984
0.854035	0.0881186
0.785316	0.832519
0.363724	0.476801
0.606477	0.795363
0.396795	0.292637
0.300512	0.0403719
0.953281	0.378211
0.442804	0.403441
0.123709	0.874212
0.36923	0.992989
0.504923	0.915588
0.20108	0.793268
0.624463	0.15183
0.515985	0.492138
0.159856	0.281214
0.983119	0.904153
0.688798	0.402532
0.245496	0.0494072
0.601863	0.116335
0.267946	0.0117899
0.507173	0.807174
0.724278	0.845869
0.851466	0.630933
0.845308	0.229917
0.789317	0.38049
0.0828925	0.819523
0.516856	0.74341
0.433099	0.830042
0.182003	0.50226
0.214708	0.432185
0.727832	0.0371231
0.812373	0.491327
0.748738	0.0175875
0.490612	0.572661
0.957566	0.581141
0.635051	0.661002
0.159189	0.875363
0.714084	0.478349
0.893072	0.19599
0.236908	0.62301
0.967798	0.651864
0.815373	0.53423
0.626905	0.630467
0.411975	0.671935
0.469605	0.931382
0.306693	0.815093
0.197558	0.656843
0.436969	0.411895
0.69457	0.369564
0.580138	0.0398196
0.877193	0.468041
0.0388869	0.326565
0.971288	0.942348
0.362869	0.488672
0.498162	0.274972
0.550389	0.701698
0.714194	0.524562
0.0136001	0.755769
0.203369	0.433261
0.743305	0.924969
0.508974	0.176473
0.0191145	0.772729
0.030197	0.507156
0.610405	0.751161
0.196411	0.831967
0.41935	0.677503
0.220422	0.111516
0.985621	0.579934
0.192807	0.163499
0.416961	0.703437
0.953722	0.124857
0.309427	0.0548881
0.129231	0.343743
0.427397	0.422068
0.67989	0.742973
0.0156146	0.126944
0.334487	0.485597
0.11914	0.40213
0.842621	0.432566
0.658497	0.955384
0.0180231	0.848277
0.89702	0.509102
0.23671	0.50563
0.57527	0.110749
0.0417676	0.743567
0.917399	0.280681
0.484166	0.0913446
0.842703	0.00776038
0.774153	0.331025
0.674622	0.526993
0.673725	0.921316
0.220865	0.546735
0.965524	0.502454
0.0352144	0.0368983
0.00542121	0.571765
0.709069	0.260853
0.461101	0.872643
0.934868	0.260968
0.826922	0.399181
0.0689399	0.151335
0.782421	0.131937
0.664019	0.673345
0.601223	0.0950286
0.23724	0.145256
0.252705	0.695308
0.960044	0.108854
0.715479	0.658915
0.763389	0.487931
0.167142	0.755994
0.157701	0.954383
0.664973	0.0707101
0.563754	0.655643
0.894378	0.11837
0.414271	0.0510852
0.0595709	0.11074
0.00737166	0.644199
0.543691	0.413926
0.160216	0.830871
0.541071	0.903047
0.404579	0.0995299
0.478546	0.0473783
0.12976	0.794952
0.301399	0.521258
0.719474	0.410676
0.0935609	0.153846
0.0657598	0.114154
0.256961	0.0546497
0.663179	0.965758
0.484313	0.747612
0.0962897	0.131438
0.266826	0.293998
0.684798	0.172768
0.116344	0.452285
0.0957417	0.379604
0.408639	0.0101304
0.489306	0.681659
0.111198	0.481719
0.66558	0.455189
0.273696	0.35651
0.809366	0.682051
0.338083	0.36234
0.988828	0.634812
0.0748756	0.840824
0.102339	0.889686
0.838668	0.152734
0.110257	0.808827
0.416518	0.798574
0.915901	0.0176129
0.608329	0.578785
0.701517	0.0732978
0.399436	0.308763
0.151894	0.369448
0.811252	0.025564
0.560188	0.817555
0.977608	0.955978
0.727517	0.454322
0.841902	0.672109
0.817745	0.558375
0.901744	0.896438
0.814671	0.361864
0.72296	0.610461
0.00464322	0.928247
0.634364	0.125259
0.810208	0.0839247
0.88406	0.135909
0.585389	0.149796
0.659995	0.646513
0.937918	0.988592
0.0210112	0.596142
0.935775	0.090466
0.111734	0.639042
0.816579	0.450765
0.748287	0.0416688
0.869162	0.330548
0.575339	0.804639
0.438905	0.40166
0.721374	0.437683
0.21871	0.455581
0.326952	0.545137
0.697075	0.374805
0.875488	0.819137
0.525912	0.0619955
0.313414	0.439829
0.0802082	0.282613
0.925069	0.901342
0.727559	0.316991
0.730701	0.938187
0.309326	0.836158
0.532261	0.654561
0.835104	0.379405
0.201253	0.147538
0.319521	0.112969
0.522319	0.919944
0.0977335	0.462703
0.743135	0.69407
0.0623831	0.926217
0.747388	0.663777
0.0454074	0.0631284
0.300671	0.292791
0.429597	0.835276
0.581502	0.762942
0.555763	0.207905
0.169672	0.0258418
0.222267	0.156713
0.55033	0.387829
0.44727	0.642087
0.689692	0.678715
0.150201	0.984647
0.908179	0.821329
0.327352	0.27701
0.412839	0.221889
0.880845	0.335307
0.513645	0.813456
0.00757352	0.187642
0.0598385	0.833226
0.781522	0.336792
0.834869	0.309801
0.285278	0.426544
0.528577	0.252653
0.0969104	0.286245
0.599004	0.718839
0.36211	0.580584
0.501739	0.777116
0.552174	0.376892
0.00521185	0.182477
0.470553	0.156069
0.065183	0.433347
0.458624	0.856918
0.0264088	0.348666
0.129766	0.527719
0.626061	0.921733
0.144698	0.886865
0.181257	0.965975
0.265312	0.585951
0.505536	0.876456
0.99563	0.237938
0.332758	0.197766
0.916242	0.837459
0.487654	0.556655
0.482246	0.44893
0.86534	0.294465
0.692202	0.67875
0.0526726	0.245765
0.573409	0.756866
0.411856	0.654846
0.819733	0.265204
0.926733	0.32069
0.910729	0.992747
0.160277	0.981344
0.00241063	0.398596
0.869357	0.466317
0.421574	0.53331
0.710797	0.700274
0.220013	0.629322
0.678589	0.605352
0.0889072	0.470757
0.287182	0.235225
0.312156	0.560721
0.207342	0.570664
0.523237	0.911283
0.137251	0.864261
0.681761	0.524679
0.548311	0.443557
0.716661	0.402338
0.121174	0.81132
0.654657	0.803564
0.451589	0.656117
0.627231	0.494347
0.907464	0.918288
0.245605	0.701061
0.784284	0.709721
0.293453	0.427465
0.787077	0.397956
0.998236	0.637104
0.596914	0.0669634
0.0170001	0.345554
0.125137	0.772634
0.371219	0.960793
0.178683	0.547484
0.347137	0.125444
0.561004	0.310231
0.622329	0.44801
0.435215	0.30347
0.526412	0.303836
0.493698	0.330176
0.898563	0.275594
0.101302	0.10058
0.0437522	0.735905
0.721947	0.504561
0.254597	0.75418
0.656244	0.723319
0.859635	0.960128
0.648332	0.126634
0.592456	0.898634
0.880891	0.328213
0.866403	0.384506
0.777126	0.477041
0.559848	0.587976
0.663766	0.848109
0.539773	0.596867
0.405647	0.452582
0.0249771	0.675543
0.578949	0.913385
0.64353	0.218746
0.00511233	0.342986
0.86851	0.558149
0.693513	0.423587
0.389294	0.779966
0.286676	0.715254
0.411178	0.747703
0.275579	0.657988
0.472948	0.25998
0.794235	0.0409528
0.220453	0.262678
0.7549	0.752841
0.790276	0.265221
0.540602	0.602666
0.884312	0.516311
0.161629	0.550901
0.230778	0.756006
0.514406	0.690779
0.297586	0.537388
0.600242	0.696707
0.814118	0.591252
0.741193	0.594302
0.819388	0.920784
0.00091135	0.9716
0.878721	0.122197
0.0930244	0.849325
0.669083	0.659306
0.556159	0.588773
0.625557	0.840639
0.312658	0.821818
0.103575	0.936958
0.221588	0.565149
0.648323	0.564251
0.133337	0.165463
0.83823	0.250869
0.636649	0.284734
0.547995	0.229071
0.236944	0.763474
0.0549264	0.667111
0.62408	0.314723
0.918289	0.786222
0.16302	0.450623
0.651394	0.375687
0.77167	0.597854
0.589732	0.117707
0.213573	0.974049
0.804591	0.404125
0.973663	0.45225
0.854756	0.975788
0.208679	0.000621568
0.588461	0.240665
0.299618	0.900474
0.741595	0.447723
0.887422	0.0629892
0.326304	0.102459
0.735095	0.848889
0.506728	0.868728
0.429329	0.39674
0.122225	0.96738
0.414678	0.311216
0.422195	0.845149
0.673901	0.306286
0.397092	0.311425
0.840902	0.0966487
0.751136	0.755192
0.302178	0.243001
0.150793	0.70326
0.328605	0.606282
0.854429	0.0615845
0.724107	0.675895
0.658358	0.517225
0.927956	0.3575
0.489267	0.154679
0.575274	0.90658
0.0255697	0.564651
0.0822375	0.472544
0.917278	0.384986
0.283459	0.0368757
0.0326704	0.0717987
0.103995	0.580296
0.0485354	0.266643
0.119703	0.565804
0.896657	0.418065
0.409324	0.947512
0.582067	0.980109
0.0662857	0.959301
0.757596	0.118045
0.896892	0.815569
0.783521	0.340384
0.839136	0.827996
0.339763	0.702097
0.101623	0.312258
0.799018	0.17249
0.0741488	0.482116
0.556692	0.628043
0.356806	0.940498
0.193042	0.322672
0.479471	0.352159
0.523881	0.504716
0.490861	0.204052
0.542699	0.490183
0.495349	0.374315
0.473431	0.877351
0.0481204	0.959265
0.384963	0.726161
0.544275	0.235131
0.817878	0.639934
0.790116	0.17719
0.477594	0.807688
0.144316	0.826725
0.241695	0.634157
0.412828	0.865325
0.947707	0.928791
0.618842	0.238646
0.467141	0.40613
0.0163921	0.945017
0.760281	0.386197
0.00690927	0.385205
0.337384	0.338557
0.147722	0.918595
0.795405	0.405211
0.517608	0.24187
0.858274	0.883451
0.53449	0.863447
0.268627	0.876161
0.187508	0.620951
0.291473	0.0314368
0.716814	0.385678
0.684351	0.87449
0.556159	0.142521
0.607895	0.227625
0.129199	0.0345588
0.207951	0.673474
0.641289	0.38049
0.349654	0.573777
0.648885	0.225106
0.864336	0.947489
0.240962	0.766503
0.521088	0.167482
0.19565	0.961559
0.0883956	0.736909
0.435964	0.379501
0.568412	0.0493482
0.319038	0.849901
0.525668	0.777918
0.281464	0.530389
0.856695	0.804012
0.532489	0.0397013
0.213064	0.349364
0.781364	0.316526
0.326297	0.677958
0.585388	0.475811
0.358709	0.308266
0.815586	0.29766
0.658722	0.0185138
0.106457	0.534257
0.355726	0.648184
0.577109	0.474867
0.864426	0.959412
0.908506	0.787339
0.395973	0.141022
0.185053	0.742611
0.349827	0.909415
0.431157	0.456854
0.344287	0.768193
0.291684	0.810822
0.829357	0.920008
0.692654	0.62338
0.349367	0.538548
0.776486	0.777282
0.0752398	0.578644
0.932999	0.931711
0.336549	0.845041
0.648971	0.916966
0.278142	0.491686
0.075414	0.280733
0.806304	0.674316
0.311437	0.481112
0.336678	0.842003
0.618876	0.0730371
0.93781	0.160935
0.552547	0.0172141
0.835819	0.252552
0.410826	0.32964
0.881604	0.0462233
0.790417	0.981727
0.910932	0.323838
0.195361	0.0178921
0.0841662	0.352673
0.430465	0.147678
0.439656	0.399507
0.209255	0.105919
0.870485	0.448046
0.907931	0.219129
0.547173	0.115651
0.0108981	0.328663
0.564742	0.736333
0.0346076	0.152018
0.70818	0.412461
0.304458	0.536153
0.559908	0.501801
0.855622	0.554998
0.243668	0.92946
0.912879	0.279597
0.520554	0.54959
0.414622	0.165771
0.640983	0.136567
0.216781	0.0646101
0.212596	0.243473
0.0556544	0.132431
0.642597	0.902694
0.096694	0.944066
0.0927765	0.660278
0.897177	0.934033
0.903078	0.531547
0.320248	0.3077
0.0556315	0.886604
0.99679	0.189109
0.942267	0.865736
0.819188	0.440903
0.100215	0.0843375
0.694532	0.925387
0.747462	0.0532309
0.29084	0.324823
0.125394	0.0261945
0.596747	0.678411
0.584002	0.156924
0.36322	0.899748
0.551923	0.355024
0.813782	0.20571
0.33347	0.652406
0.62422	0.48201
0.815276	0.617267
0.293325	0.148907
0.720101	0.543779
0.840389	0.572648
0.145078	0.434556
0.285381	0.4175
0.269604	0.440333
0.619789	0.0277752
0.311356	0.679728
0.653925	0.866674
0.53396	0.88062
0.098548	0.830557
0.453313	0.406473
0.0852911	0.402898
0.291699	0.630179
0.142108	0.884324
0.68277	0.906158
0.0809871	0.630375
0.042712	0.0199015
0.27594	0.192968
0.325449	0.599894
0.409334	0.919691
0.572065	0.638064
0.22789	0.0997385
0.0138576	0.824519
0.218638	0.633756
0.313733	0.576987
0.251305	0.450628
0.493156	0.354734
0.89508	0.74234
0.912846	0.474881
0.109158	0.407613
0.0399272	0.366807
0.976438	0.459689
0.334399	0.730548
0.323455	0.55585
0.767254	0.788828
0.142974	0.91478
0.299657	0.721232
0.241876	0.651112
0.594604	0.0573919
0.738014	0.750011
0.500976	0.836339
0.956979	0.812269
0.349982	0.133491
0.524572	0.0974823
0.290086	0.867235
0.248644	0.664586
0.647507	0.247295
0.943722	0.187129
0.532888	0.0590316
0.515946	0.104864
0.43346	0.842574
0.936255	0.678675
0.140523	0.617256
0.375566	0.706472
0.262573	0.970033
0.105496	0.948147
0.531221	0.460268
0.145409	0.644493
0.352863	0.420317
0.0503482	0.0330314
0.00200305	0.460001
0.609169	0.23741
0.15729	0.331162
0.996351	0.90469
0.0379065	0.251454
0.545147	0.377517
0.926023	0.896939
0.927725	0.0221779
0.727826	0.913731
0.967982	0.470504
0.506212	0.234439
0.456337	0.57279
0.105097	0.642262
0.502046	0.747336
0.565649	0.309664
0.810093	0.993218
0.34764	0.858211
0.307171	0.546437
0.721254	0.199272
0.694201	0.401554
0.201944	0.494949
0.931676	0.326206
0.919364	0.413921
0.567592	0.158867
0.0156191	0.885099
0.278465	0.149037
0.860442	0.255248
0.313148	0.347677
0.667469	0.571967
0.383476	0.946328
0.522318	0.174008
0.446032	0.516098
0.735383	0.552968
0.474083	0.955663
0.0989872	0.868822
0.276562	0.174147
0.251881	0.228726
0.107059	0.525694
0.0322422	0.985137
0.132164	0.664606
0.893197	0.857341
0.910928	0.665665
0.314938	0.518281
0.868507	0.320024
0.689999	0.793132
0.262177	0.117303
0.517919	0.910949
0.942739	0.710757
0.958064	0.34799
0.951687	0.0112748
0.584215	0.924803
0.370116	0.0405893
0.601666	0.723816
0.175884	0.309531
0.110912	0.422962
0.773851	0.647958
0.893811	0.0459436
0.218851	0.213302
0.709793	0.661582
0.496071	0.428355
0.908572	0.684402
0.295399	0.410632
0.810227	0.83248
0.188588	0.449776
0.885483	0.258805
0.269526	0.147446
0.930969	0.405614
0.157632	0.128402
0.61697	0.493327
0.0257132	0.0752557
0.748921	0.344775
0.524992	0.0921724
0.125243	0.30076
0.337116	0.154244
0.226676	0.459769
0.842887	0.401531
0.326222	0.656632
0.49025	0.969605
0.525743	0.711018
0.991809	0.143449
0.048864	0.414883
0.159287	0.669327
0.856433	0.195338
0.648882	0.268382
0.750622	0.807527
0.735197	0.202021
0.673964	0.926998
0.771205	0.41654
0.00947601	0.189057
0.587857	0.952489
0.379116	0.384595
0.47168	0.6581
0.522163	0.427752
0.610475	0.0654974
0.0298675	0.0358011
0.816898	0.0752933
0.980329	0.491014
0.380119	0.921918
0.652729	0.168007
0.320138	0.876742
0.154333	0.77348
0.897623	0.508569
0.805196	0.70456
0.176877	0.454602
0.396793	0.758001
0.883044	0.720888
0.27231	0.370982
0.837169	0.29355
0.800811	0.46129
0.68932	0.555779
0.669192	0.94029
0.561369	0.480467
0.715133	0.0948704
0.9963	0.0702681
0.871542	0.85421
0.244189	0.058215
0.680483	0.704461
0.21914	0.285536
0.7977	0.771605
0.569497	0.885886
0.569928	0.180488
0.496807	0.856654
0.605933	0.215362
0.847689	0.266066
0.805496	0.915624
0.466713	0.950211
0.7475	0.554877
0.139657	0.338287
0.800156	0.830755
0.879683	0.397756
0.53485	0.0922591
0.218427	0.600406
0.689797	0.235504
0.435299	0.577423
0.986433	0.113485
0.385187	0.126025
0.799152	0.159819
0.45382	0.369232
0.629927	0.66004
0.469777	0.675466
0.698383	0.187518
0.204062	0.616155
0.0731025	0.591735
0.973064	0.139562
0.681159	0.404552
0.927189	0.683474
0.526672	0.953213
0.647428	0.303593
0.510923	0.0425351
0.761798	0.226547
0.405467	0.112729
0.183043	0.380802
0.813575	0.404801
0.965452	0.920717
0.329898	0.424035
0.0173846	0.854019
0.155094	0.942692
0.357978	0.0679048
0.70965	0.498895
0.335132	0.289187
0.0253997	0.313421
0.0464076	0.0880025
0.585536	0.300217
0.331692	0.739676
0.85962	0.410049
0.995324	0.316989
0.243853	0.161679
0.957205	0.036827
0.173327	0.758759
0.834235	0.745278
0.492309	0.267443
0.761002	0.125493
0.831084	0.0614039
0.721768	0.418933
0.519352	0.557029
0.704872	0.299029
0.692519	0.558251
0.546701	0.525731
0.706974	0.678584
0.487727	0.846068
0.316567	0.34585
0.374495	0.670733
0.994313	0.201127
0.250017	0.690162
0.844161	0.78587
0.351229	0.00942062
0.217473	0.545836
0.743305	0.49125
0.838646	0.239357
0.222287	0.328671
0.675613	0.204771
0.467661	0.944581
0.614434	0.236989
0.214784	0.922947
0.783891	0.863803
0.0600957	0.622534
0.561496	0.770422
0.962268	0.47671
0.707948	0.620914
0.932852	0.728705
0.253765	0.00960391
0.79257	0.829954
0.861727	0.81863
0.851426	0.205874
0.885078	0.113252
0.731815	0.938976
0.295461	0.492085
0.348361	0.296431
0.527011	0.750811
0.321802	0.922147
0.0518386	0.0105189
0.316525	0.0576778
0.330468	0.297952
0.0510043	0.991154
0.106036	0.835095
0.982786	0.820931
0.671357	0.566857
0.0865725	0.256784
0.166334	0.382481
0.387098	0.584604
0.0847992	0.231271
0.420412	0.0251772
0.450529	0.755051
0.979369	0.383748
0.68586	0.247596
0.205637	0.75258
0.895527	0.286143
0.888714	0.771819
0.983664	0.0277226
0.945801	0.219595
0.0148782	0.632095
0.672569	0.97366
0.583515	0.95134
0.109766	0.220105
0.482557	0.112713
0.82571	0.778215
0.79576	0.438774
0.178611	0.665971
0.565775	0.57624
0.589811	0.639055
0.194259	0.1271
0.797404	0.674518
0.112151	0.000767469
0.956713	0.0986953
0.865638	0.277035
0.701435	0.522922
0.819296	0.197148
0.0777626	0.17487
0.512767	0.416655
0.860398	0.698892
0.59172	0.0720064
0.887709	0.18611
0.837114	0.850626
0.579858	0.797392
0.230052	0.124191
0.364947	0.464732
0.900521	0.916821
0.609951	0.283913
0.00404143	0.102153
0.524054	0.682859
0.984615	0.371258
0.540968	0.761564
0.561334	0.327785
0.326086	0.333108
0.906177	0.532369
0.68253	0.45646
0.20117	0.397983
0.0130218	0.963696
0.566367	0.159824
0.034654	0.45054
0.0931733	0.992165
0.678737	0.333247
0.281389	0.35123
0.255287	0.0786221
0.425331	0.673668
0.520776	0.966547
0.724521	0.937478
0.392339	0.984116
0.666964	0.673732
0.820562	0.466983
0.630513	0.116595
0.969186	0.0994165
0.659883	0.678689
0.39764	0.232043
0.54429	0.0333304
0.362084	0.413955
0.0510878	0.0521244
0.39886	0.759684
0.705014	0.998327
0.392257	0.502675
0.0658489	0.453112
0.789755	0.21807
0.0899333	0.8207
0.641721	0.15155
0.928553	0.819058
0.14709	0.0726456
0.879348	0.845289
0.0591318	0.263434
0.870524	0.0719273
0.473378	0.411969
0.424103	0.209792
0.812964	0.848484
0.443161	0.299687
0.344256	0.835754
0.778913	0.804959
0.934503	0.260986
0.132379	0.655644
0.473073	0.474704
0.184988	0.885849
0.264634	0.860598
0.425752	0.231638
0.284222	0.638586
0.989416	0.209775
0.0117632	0.331287
0.79221	0.756564
0.78987	0.0373614
0.101254	0.207604
0.639174	0.713033
0.571233	0.354562
0.552696	0.276592
0.138044	0.70724
0.133518	0.485127
0.657614	0.566727
0.327326	0.592618
0.00160332	0.887722
0.227413	0.908335
0.860473	0.197648
0.506239	0.424023
0.512858	0.655004
0.471656	0.989904
0.856209	0.501246
0.368032	0.476082
0.442634	0.788376
0.902384	0.285042
0.000487402	0.528198
0.373371	0.279277
0.987856	0.187679
0.0924724	0.436329
0.838146	0.169906
0.456126	0.686163
0.918604	0.840264
0.0631407	0.279846
0.378936	0.576151
0.0772988	0.826954
0.989487	0.987611
0.199751	0.366497
0.328225	0.41448
0.873634	0.313261
0.707939	0.115598
0.905145	0.0182306
0.925763	0.327443
0.471853	0.77397
0.71843	0.347607
0.393658	0.597412
0.678511	0.860511
0.0780265	0.775207
0.527734	0.836138
0.198134	0.885409
0.618211	0.100852
0.898566	0.12607
0.265116	0.481146
0.821123	0.849887
0.786048	0.13427
0.912374	0.222723
0.481199	0.381164
0.0867337	0.0428135
0.229254	0.287337
0.741542	0.380091
0.850751	0.425546
0.802637	0.487004
0.710739	0.415312
0.171828	0.541083
0.158041	0.922153
0.95081	0.824031
0.17538	0.647782
0.671803	0.43927
0.315466	0.803773
0.528725	0.641164
0.328274	0.672481
0.775987	0.544559
0.401703	0.0378256
0.209923	0.453844
0.344353	0.690507
0.232929	0.534542
0.149075	0.827445
0.608154	0.205701
0.471172	0.519433
0.20211	0.881668
0.677876	0.467437
0.968594	0.457628
0.424888	0.499322
0.297758	0.232755
0.551861	0.370368
0.850687	0.789804
0.699667	0.53228
0.774072	0.786352
0.482361	0.700491
0.755896	0.193128
0.508359	0.686349
0.737013	0.389309
0.818644	0.0872896
0.923621	0.387437
0.10568	0.348681
0.115268	0.566386
0.928606	0.430787
0.604151	0.713477
0.265573	0.822485
0.433499	0.631174
0.724362	0.496286
0.895729	0.299787
0.427013	0.744772
0.495044	0.386583
0.645524	0.17131
0.0088338	0.278357
0.544851	0.000510059
0.434201	0.115562
0.609179	0.308417
0.676723	0.156508
0.362141	0.722128
0.016469	0.932065
0.483794	0.839275
0.382631	0.191377
0.967658	0.20634
0.285658	0.650747
0.843175	0.196293
0.425399	0.84586
0.198504	0.324202
0.0585055	0.646004
0.855622	0.373091
0.810921	0.651771
0.0309935	0.159597
0.0882787	0.972877
0.437432	0.343046
0.927498	0.400212
0.268378	0.380437
0.775037	0.658036
0.33501	0.852255
0.0167721	0.89207
0.383957	0.00772629
0.72413	0.0581365
0.916628	0.944008
0.820334	0.441473
0.804064	0.993388
0.238925	0.161214
0.134907	0.611509
0.233934	0.430974
0.749769	0.340717
0.68416	0.284334
0.42078	0.590186
0.140614	0.00412054
0.458823	0.338815
0.00386994	0.196869
0.931268	0.810269
0.179362	0.194303
0.475599	0.36779
0.705933	0.341665
0.85398	0.757675
0.774931	0.45
0.694117	0.986991
0.487569	0.0113673
0.0516703	0.621602
0.962021	0.43308
0.391357	0.814597
0.669005	0.974577
0.969081	0.891222
0.811146	0.31806
0.124598	0.999429
0.32173	0.692675
0.547789	0.710376
0.804865	0.178521
0.976315	0.726124
0.622366	0.608059
0.659986	0.021509
0.321359	0.0175597
0.640029	0.413274
0.817351	0.0951509
0.191936	0.418031
0.180336	0.0128919
0.0817613	0.0866351
0.492143	0.393923
0.743181	0.596579
0.570771	0.195451
0.510399	0.240223
0.0565967	0.450155
0.127661	0.289086
0.382504	0.553194
0.668731	0.263965
0.835799	0.206684
0.228169	0.0773442
0.103191	0.123225
0.44299	0.116481
0.729396	0.56853
0.448535	0.306446
0.102315	0.923179
0.348987	0.531215
0.868715	0.266469
0.958563	0.794999
0.564459	0.833365
0.493282	0.959076
0.163164	0.800624
0.845088	0.617595
0.867239	0.97682
0.35069	0.102036
0.654663	0.716183
0.674911	0.604996
0.360447	0.849622
0.818559	0.390414
0.436011	0.0459609
0.766916	0.429298
0.440455	0.910195
0.0232813	0.491812
0.760906	0.575343
0.47787	0.521346
0.370952	0.02129
0.548374	0.904354
0.874071	0.808964
0.117678	0.826863
0.144053	0.429195
0.734233	0.0866798
0.159656	0.0916877
0.174305	0.503514
0.0556222	0.517053
0.253346	0.969701
0.443423	0.602299
0.650726	0.35787
0.824862	0.999993
0.303666	0.304329
0.709506	0.964291
0.659637	0.590204
0.439176	0.580045
0.852613	0.742268
0.668928	0.804519
0.497688	0.934893
0.909547	0.196278
0.520821	0.847925
0.720119	0.0187792
0.441641	0.756587
0.344807	0.067447
0.346119	0.985796
0.945159	0.669889
0.771339	0.228724
0.906221	0.152102
0.558985	0.039157
0.791956	0.340471
0.546607	0.294641
0.384403	0.857098
0.247247	0.900136
0.265016	0.0494664
0.172019	0.690882
0.759214	0.112198
0.857511	0.897209
0.886896	0.722222
0.846662	0.665203
0.484856	0.0198973
0.58255	0.407917
0.392252	0.331233
0.831909	0.572324
0.790629	0.51585
0.225027	0.0504345
0.824547	0.401933
0.54491	0.144885
0.944415	0.841014
0.823666	0.15536
0.922501	0.196604
0.567727	0.01594
0.605852	0.0884062
0.12368	0.456938
0.576689	0.0675184
0.818944	0.579398
0.425492	0.590917
0.475699	0.350521
0.508326	0.271133
0.809693	0.253058
0.779464	0.660019
0.59391	0.912542
0.365165	0.0881866
0.428037	0.548602
0.379769	0.506161
0.376361	0.450636
0.176873	0.177786
0.820169	0.996141
0.987737	0.0102734
0.822782	0.416392
0.603876	0.205006
0.749062	0.7754
0.483093	0.596793
0.0483768	0.341972
0.943995	0.669894
0.881998	0.318594
0.257275	0.87175
0.981416	0.313301
0.766083	0.865389
0.86163	0.560593
0.619654	0.696786
0.589735	0.382073
0.983051	0.60772
0.982199	0.815094
0.564081	0.642698
0.678775	0.754819
0.0129035	0.129863
0.0961485	0.74553
0.250511	0.53017
0.753192	0.206011
0.639371	0.210528
0.686478	0.683816
0.413709	0.700862
0.175052	0.222887
0.0777807	0.960787
0.753813	0.151613
0.947241	0.432411
0.984889	0.897269
0.838478	0.930625
0.588322	0.854707
0.556029	0.958432
0.454755	0.897375
0.938054	0.942735
0.843499	0.0133206
0.10803	0.977524
0.111575	0.304605
0.905015	0.602132
0.0970412	0.267123
0.990913	0.0197672
0.583686	0.755087
0.608701	0.492119
0.466323	0.631532
0.46591	0.874955
0.491842	0.565661
0.846319	0.763624
0.28223	0.732682
0.952911	0.0992274
0.993022	0.0679853
0.70811	0.654092
0.331652	0.942224
0.580641	0.406818
0.435915	0.307022
0.901664	0.737449
0.292096	0.744795
0.384237	0.145938
0.904658	0.106296
0.501781	0.322487
0.887439	0.398431
0.687433	0.725415
0.0843291	0.0844782
0.686953	0.822469
0.929258	0.283232
0.961589	0.633137
0.979904	0.630074
0.929861	0.317558
0.680243	0.272491
0.315383	0.272042
0.381289	0.984813
0.0740805	0.0509565
0.99851	0.784401
0.46639	0.466403
0.767055	0.717597
0.212332	0.416136
0.313631	0.376343
0.17915	0.363807
0.6053	0.0994654
0.00867874	0.707041
0.987693	0.989075
0.860417	0.0138178
0.473376	0.638398
0.724497	0.706761
0.621408	0.245781
0.610903	0.255152
0.836699	0.440554
0.354088	0.763775
0.619662	0.55474
0.289562	0.532957
0.691117	0.950316
0.515121	0.303044
0.463094	0.709766
0.542358	0.882555
0.266836	0.107999
0.442631	0.626058
0.668123	0.934174
0.982654	0.569562
0.544006	0.0479399
0.476111	0.45112
0.888728	0.1728
0.745202	0.903146
0.298317	0.710992
0.625207	0.155929
0.95002	0.366365
0.95901	0.867465
0.551789	0.479576
0.678397	0.884037
0.55517	0.201208
0.0334734	0.155959
0.810711	0.915157
0.283732	0.125537
0.282901	0.301745
0.827657	0.150268
0.576817	0.459361
0.922132	0.860516
0.495363	0.0851831
0.715412	0.911868
0.954199	0.388343
0.90947	0.364116
0.833434	0.170518
0.132172	0.820623
0.215583	0.826486
0.347024	0.228452
0.185572	0.18934
0.88117	0.455852
0.0286263	0.799521
0.749829	0.0588471
0.421968	0.972183
0.687014	0.927514
0.692783	0.979239
0.569141	0.873738
0.0373269	0.184269
0.86712	0.41919
0.0806913	0.596172
0.808709	0.500113
0.0351162	0.00200715
0.700481	0.75883
0.826489	0.491122
0.588185	0.860857
0.159138	0.978235
0.147461	0.542277
0.865661	0.677565
0.393471	0.641749
0.619011	0.433507
0.108285	0.236927
0.793683	0.521893
0.36592	0.250516
0.0151134	0.00086695
0.6412	0.16255
0.729084	0.627331
0.247261	0.334238
0.0604229	0.626423
0.131911	0.0150016
0.0662778	0.880823
0.1878	0.464002
0.597819	0.475625
0.788082	0.0888315
0.55202	0.460954
0.944258	0.0125321
0.380377	0.748645
0.562491	0.373165
0.530092	0.322175
0.0588681	0.343257
0.552493	0.948139
0.104427	0.769733
0.173197	0.955122
0.330279	0.0235855
0.524637	0.633631
0.0871349	0.432007
0.00855342	0.877504
0.29758	0.0856677
0.67786	0.782898
0.96121	0.411089
0.651894	0.366293
0.0927307	0.222585
0.604929	0.378213
0.358038	0.500578
0.57459	0.827593
0.168995	0.200183
0.06758	0.11557
0.62661	0.275407
0.081726	0.302273
0.801761	0.473881
0.736181	0.236798
0.0776869	0.459313
0.489487	0.343518
0.503972	0.394853
0.257576	0.788173
0.465073	0.0175378
0.463917	0.636507
0.207352	0.398525
0.306896	0.948371
0.954395	0.685082
0.0239822	0.367924
0.545968	0.0669752
0.315745	0.00656326
0.709519	0.215822
0.348629	0.00871089
0.0965327	0.508615
0.0958661	0.405559
0.751237	0.563046
0.265833	0.528187
0.978682	0.786779
0.374988	0.618818
0.884363	0.347713
0.335977	0.43687
0.582181	0.607522
0.863186	0.105261
0.287567	0.339719
0.277787	0.468994
0.010124	0.591808
0.0659007	0.36978
0.0235798	0.41647
0.215189	0.520863
0.349544	0.0170359
0.868632	0.274736
0.310519	0.564469
0.246186	0.817491
0.0261581	0.12651
0.336226	0.522394
0.405613	0.450032
0.980816	0.429338
0.0501958	0.0211246
0.635729	0.208438
0.957478	0.70343
0.246883	0.0517105
0.673012	0.832891
0.922574	0.515374
0.274705	0.406415
0.798855	0.174451
0.864053	0.69596
0.00703239	0.836163
0.148686	0.829495
0.65728	0.47602
0.418305	0.810523
0.641416	0.346062
0.129531	0.263149
0.258537	0.844678
0.573622	0.92301
0.0525332	0.523348
0.306175	0.368792
0.735697	0.0751906
0.427205	0.232219
0.947167	0.135024
0.823075	0.964214
0.0172084	0.467808
0.727886	0.522104
0.250597	0.989634
0.304888	0.661372
0.353019	0.701402
0.457656	0.865617
0.875093	0.728098
0.749238	0.730949
0.249949	0.0723979
0.291489	0.225252
0.101961	0.472175
0.51542	0.931047
0.649552	0.784228
0.140378	0.420846
0.363858	0.616104
0.547352	0.60945
0.96104	0.815729
0.397637	0.603329
0.81708	0.254433
0.923243	0.496384
0.79737	0.900817
0.693671	0.788338
0.344278	0.581398
0.484715	0.00924331
0.55514	0.341137
0.0370374	0.0326548
0.859407	0.132371
0.654312	0.269204
0.187123	0.59202
0.509149	0.701585
0.0381927	0.871595
0.859431	0.197592
0.65533	0.377144
0.517227	0.292987
0.498132	0.356371
0.820016	0.614151
0.910507	0.705871
0.803239	0.454063
0.392334	0.0529824
0.887902	0.402821
0.2216	0.165452
0.0370628	0.397189
0.0262956	0.343175
0.521509	0.158224
0.367696	0.795065
0.0338864	0.703451
0.277428	0.207699
0.24527	0.133363
0.174058	0.627709
0.156406	0.879584
0.170432	0.82212
0.52221	0.533112
0.15118	0.158477
0.980996	0.684759
0.162599	0.62211
0.822589	0.106704
0.606146	0.48531
0.938841	0.791962
0.457982	0.637483
0.262661	0.312619
0.819797	0.292671
0.983937	0.29614
0.0791986	0.414032
0.808957	0.370878
0.627326	0.415699
0.0371399	0.574739
0.535062	0.216175
0.0543632	0.397378
0.38633	0.0556755
0.463728	0.946125
0.293614	0.297735
0.62883	0.247859
0.83983	0.760235
0.507886	0.932298
0.872945	0.135274
0.897713	0.942817
0.137815	0.125237
0.316689	0.97955
0.967792	0.0253299
0.0868676	0.968991
0.899638	0.807643
0.441	0.53638
0.814224	0.0688791
0.813137	0.769939
0.846395	0.394181
0.472333	0.258778
0.261181	0.70979
0.377959	0.597879
0.534996	0.812607
0.035905	0.615341
0.375106	0.958952
0.037602	0.702173
0.392124	0.4854
0.702866	0.00413399
0.505791	0.198832
0.59745	0.360604
0.988979	0.126372
0.340939	0.452597
0.489298	0.362069
0.874219	0.429855
0.949144	0.24265
0.268084	0.135081
0.134805	0.644738
0.928951	0.140499
0.249991	0.531388
0.359092	0.901932
0.548646	0.573818
0.829373	0.508334
0.943625	0.32417
0.951266	0.844327
0.565011	0.399859
0.0359557	0.587095
0.0276472	0.149393
0.233096	0.326772
0.376818	0.97678
0.366143	0.504186
0.332104	0.19598
0.461978	0.180506
0.423005	0.438076
0.0888435	0.219946
0.373617	0.634904
0.111471	0.825843
0.549326	0.217694
0.565175	0.0784896
0.519811	0.809772
0.665348	0.429324
0.518231	0.310107
0.0711549	0.321609
0.931007	0.290264
0.544447	0.164657
0.526156	0.229141
0.47729	0.188885
0.881241	0.702139
0.486245	0.307012
0.868789	0.101688
0.0476257	0.50347
0.868476	0.945059
0.783782	0.154188
0.373577	0.00388462
0.424002	0.000756645
0.350305	0.0639046
0.567238	0.680729
0.364417	0.288949
0.346297	0.577087
0.678928	0.176863
0.651118	0.7792
0.0771366	0.491004
0.125416	0.190503
0.250844	0.287151
0.609892	0.607888
0.772536	0.144927
0.0242997	0.627748
0.605034	0.137773
0.509556	0.410509
0.894046	0.436356
0.716967	0.378949
0.416934	0.325818
0.267539	0.413021
0.913037	0.732514
0.197939	0.0941022
0.602837	0.92852
0.630637	0.497019
0.0685379	0.753075
0.880539	0.546141
0.255617	0.308703
0.123112	0.00586798
0.230486	0.110348
0.402922	0.864864
0.32586	0.518739
0.61579	0.0246426
0.377958	0.701662
0.765735	0.897358
0.626674	0.767738
0.181821	0.665174
0.0133621	0.952147
0.235809	0.796747
0.836678	0.36458
0.594281	0.813338
0.261167	0.693305
0.634249	0.717874
0.0195842	0.302029
0.0381773	0.237825
0.469859	0.122436
0.928213	0.518264
0.292708	0.16691
0.389203	0.431275
0.855369	0.244655
0.219333	0.808789
0.901453	0.733043
0.15769	0.0469166
0.657331	0.615707
0.465498	0.27004
0.1075	0.218286
0.452398	0.61399
0.197844	0.85814
0.303859	0.635422
0.93716	0.536445
0.372156	0.0455728
0.200452	0.38958
0.221498	0.292022
0.124627	0.268299
0.399329	0.579737
0.188984	0.136023
0.615792	0.190168
0.435964	0.219369
0.486711	0.703545
0.346163	0.671481
0.75753	0.523715
0.0524081	0.674805
0.242369	0.0943691
0.645189	0.8414
0.297297	0.889568
0.154021	0.706317
0.266557	0.741357
0.654477	0.533205
0.461507	0.0207842
0.47862	0.349888
0.264466	0.465032
0.198775	0.18963
0.536451	0.752479
0.479233	0.899444
0.835912	0.99323
0.953331	0.76291
0.667713	0.121368
0.821492	0.488327
0.63007	0.48336
0.11365	0.89773
0.830727	0.782441
0.373667	0.279968
0.634112	0.326791
0.138436	0.194481
0.0888962	0.465045
0.0972617	0.0789329
0.146413	0.0282502
0.150198	0.0262229
0.154146	0.64528
0.34956	0.431484
0.649362	0.756879
0.738839	0.572218
0.52651	0.656844
0.294056	0.326908
0.702263	0.329284
0.156712	0.747711
0.807144	0.50233
0.162205	0.589086
0.502158	0.725276
0.167609	0.731107
0.16102	0.97471
0.14494	0.4024
0.192773	0.398293
0.157318	0.628294
0.861597	0.950918
0.829573	0.68283
0.866488	0.0867479
0.133215	0.362699
0.160748	0.719632
0.949019	0.0975216
0.75155	0.572653
0.672792	0.0849434
0.999875	0.445695
0.308555	0.327503
0.995403	0.530203
0.576144	0.886421
0.656492	0.92949
0.229062	0.500953
0.448048	0.213721
0.573536	0.936239
0.958565	0.341491
0.347581	0.297412
0.120964	0.134853
0.00402008	0.819922
0.459685	0.779361
0.666456	0.0554624
0.042742	0.201254
0.0477003	0.897419
0.767289	0.559362
0.634171	0.467947
0.375434	0.811633
0.706537	0.526175
0.349154	0.52062
0.755886	0.246965
0.903205	0.224566
0.359729	0.233899
0.892607	0.974197
0.4163	0.616977
0.783482	0.932889
0.902505	0.481211
0.87713	0.804213
0.474419	0.831554
0.735681	0.898535
0.442705	0.0737449
0.0408674	0.130878
0.90836	0.0564565
0.0424334	0.299069
0.245029	0.908398
0.827363	0.703456
0.526659	0.526035
0.99037	0.522377
0.868034	0.493692
0.143535	0.907443
0.0709877	0.152441
0.3753	0.766452
0.374148	0.326486
0.0804231	0.108998
0.944055	0.299708
0.92345	0.27915
0.920856	0.731643
0.546629	0.66909
0.124567	0.519215
0.534423	0.209064
0.454043	0.161142
0.518294	0.450186
0.112682	0.184246
0.019341	0.544975
0.259566	0.0774149
0.266884	0.90846
0.299162	0.996856
0.785544	0.611495
0.247536	0.573534
0.608643	0.775728
0.480983	0.504557
0.965441	0.690856
0.179489	0.399709
0.497906	0.928316
0.609647	0.389493
0.160595	0.922347
0.804837	0.81687
0.949668	0.3177
0.502375	0.968813
0.718835	0.944332
0.767622	0.195045
0.755232	0.607289
0.0145682	0.655103
0.516727	0.865758
0.824806	0.974034
0.252835	0.742072
0.602896	0.979609
0.98779	0.897043
0.640788	0.0837671
0.975475	0.023391
0.00288063	0.945998
0.916906	0.594443
0.689127	0.394804
0.252374	0.442519
0.878215	0.669411
0.191573	0.949831
0.839742	0.717771
0.487329	0.906522
0.965077	0.741317
0.971584	0.120812
0.496398	0.196955
0.381274	0.583575
0.648532	0.156702
0.245881	0.849351
0.960225	0.609348
0.8276	0.213002
0.280156	0.893549
0.919848	0.283277
0.170014	0.489289
0.316029	0.8686
0.77257	0.98294
0.543728	0.304021
0.610151	0.326998
0.212846	0.476008
0.988633	0.779216
0.692856	0.856878
0.805719	0.932566
0.775689	0.0475451
0.625785	0.996576
0.858885	0.157071
0.439937	0.239244
0.914127	0.252449
0.869811	0.404543
0.390959	0.963465
0.429598	0.382929
0.22023	0.519572
0.834361	0.462185
0.473888	0.632761
0.296696	0.734082
0.247385	0.203312
0.967117	0.22574
0.654752	0.546706
0.193263	0.684663
0.347665	0.552643
0.292774	0.203194
0.161785	0.573359
0.344395	0.864318
0.649836	0.741781
0.8219	0.66138
0.246285	0.929018
0.22655	0.564339
0.518167	0.434448
0.404238	0.643605
0.903948	0.798811
0.163538	0.673928
0.288899	0.581654
0.425722	0.966132
0.0082452	0.278022
0.283442	0.327459
0.380082	0.0385558
0.959184	0.377955
0.84366	0.829431
0.0790616	0.688637
0.959338	0.312615
0.195171	0.737491
0.845583	0.573718
0.587368	0.242665
0.654744	0.338776
0.212053	0.776064
0.00394535	0.592882
0.653546	0.456412
0.268246	0.00416541
0.193979	0.439273
0.200732	0.925914
0.353589	0.183102
0.823446	0.911961
0.788317	0.187203
0.522506	0.467029
0.0580417	0.0203883
0.964834	0.989902
0.979543	0.703695
0.425495	0.512472
0.0805423	0.74866
0.333504	0.755218
0.421675	0.772384
0.534238	0.588258
0.435392	0.525338
0.714842	0.722705
0.24944	0.547687
0.433671	0.766575
0.638109	0.588077
0.287569	0.279892
0.398527	0.0525536
0.223166	0.203427
0.911714	0.813682
0.246203	0.666375
0.653769	0.596415
0.759008	0.321374
0.262627	0.934
0.236129	0.695397
0.624703	0.00867321
0.674145	0.704904
0.712897	0.574886
0.0544999	0.429902
0.609597	0.663842
0.242644	0.0387008
0.0343997	0.234337
0.380229	0.89713
0.37258	0.0154601
0.736981	0.368472
0.606012	0.636533
0.199303	0.510796
0.590232	0.318072
0.217968	0.728241
0.00784594	0.0478069
0.655549	0.8782
0.440553	0.375575
0.185923	0.779089
0.455431	0.0194814
0.521256	0.738336
0.259252	0.467582
0.0138785	0.191053
0.857239	0.789824
0.11376	0.381084
0.888156	0.0376425
0.580859	0.445576
0.760192	0.571129
0.607246	0.865488
0.310377	0.372745
0.788709	0.287109
0.905407	0.371224
0.148213	0.275856
0.402417	0.346261
0.115803	0.472106
0.886143	0.506802
0.948926	0.211432
0.785822	0.010571
0.776519	0.973793
0.0357965	0.81857
0.48172	0.151211
0.814456	0.155676
0.267849	0.417366
0.419551	0.0797925
0.860984	0.738708
0.793456	0.848454
0.685084	0.749249
0.697868	0.385797
0.299707	0.785499
0.995447	0.213196
0.677167	0.63699
0.509332	0.523289
0.474552	0.554156
0.0312504	0.632939
0.946639	0.276111
0.306884	0.29386
0.855851	0.216561
0.0540555	0.434458
0.547997	0.0700328
0.728033	0.595614
0.0995509	0.911965
0.880938	0.578303
0.374731	0.281752
0.369037	0.22063
0.0433806	0.551537
0.582051	0.817365
0.271534	0.320535
0.539033	0.887263
0.0686497	0.792028
0.520776	0.966894
0.102418	0.948124
0.377629	0.0699019
0.220608	0.849639
0.743228	0.427381
0.078346	0.193779
0.654648	0.0311478
0.860222	0.756913
0.0194719	0.732413
0.892434	0.0745536
0.475443	0.824385
0.226263	0.121799
0.230508	0.5409
0.793633	0.332791
0.386898	0.234694
0.232511	0.277783
0.683554	0.357302
0.705596	0.048564
0.504792	0.245287
0.727657	0.342414
0.94213	0.929665
0.98642	0.0303649
0.849863	0.0748616
0.691965	0.92303
0.140366	0.867379
0.546699	0.97459
0.731886	0.696961
0.478589	0.918633
0.636259	0.673975
0.785609	0.120066
0.796853	0.846347
0.917012	0.0650603
0.794497	0.695479
0.292139	0.576024
0.719728	0.139118
0.748308	0.165694
0.174583	0.878306
0.842004	0.0911647
0.550063	0.055461
0.316525	0.175458
0.0644443	0.00785453
0.708137	0.695017
0.580446	0.846574
0.231063	0.229692
0.709582	0.542063
0.71049	0.131084
0.145589	0.234224
0.86589	0.665694
0.708632	0.107772
0.509954	0.603879
0.727294	0.733146
0.311393	0.070988
0.233497	0.594
0.477231	0.311995
0.45868	0.227689
0.121631	0.327614
0.449873	0.768218
0.975843	0.255517
0.903823	0.316781
0.245074	0.347748
0.475069	0.991455
0.322122	0.45879
0.382859	0.453594
0.850879	0.621762
0.962789	0.163377
0.58672	0.476312
0.591047	0.358115
0.229546	0.829963
0.440164	0.799392
0.285877	0.529296
0.532223	0.0831633
0.359564	0.951147
0.600611	0.611097
0.908324	0.663521
0.0489032	0.965881
0.258395	0.816848
0.730604	0.966277
0.471934	0.627109
0.712444	0.0373269
0.0723608	0.589956
0.577653	0.418621
0.938695	0.364094
0.543022	0.991069
0.506207	0.617411
0.748193	0.318775
0.530451	0.416973
0.448426	0.580743
0.644301	0.113084
0.982398	0.844913
0.9433	0.438414
0.174024	0.248919
0.213764	0.662817
0.913048	0.480177
0.275873	0.0925324
0.180353	0.73765
0.616639	0.790102
0.793536	0.607328
0.507928	0.127155
0.756198	0.970858
0.611361	0.294676
0.431152	0.428849
0.62166	0.122367
0.669597	0.119614
0.469267	0.0967243
0.252716	0.0435259
0.217784	0.019114
0.0424765	0.583757
0.092228	0.160261
0.687007	0.105639
0.567922	0.975622
0.671232	0.38879
0.262944	0.295381
0.448808	0.467242
0.676126	0.472155
0.725822	0.765226
0.788427	0.761792
0.188862	0.983251
0.208761	0.193332
0.510021	0.727855
0.822459	0.243828
0.809495	0.0366111
0.432938	0.49933
0.266309	0.249176
0.922856	0.399253
0.917764	0.254074
0.190099	0.655922
0.703475	0.483308
0.303704	0.443962
0.61629	0.619615
0.883836	0.377587
0.286971	0.424871
0.122181	0.149343
0.838446	0.477443
0.763575	0.648678
0.543031	0.462723
0.241066	0.228295
0.0983204	0.675675
0.799487	0.251594
0.440169	0.927038
0.558253	0.0929795
0.867302	0.653027
0.649025	0.766923
0.523901	0.774841
0.734274	0.390859
0.946888	0.320906
0.405431	0.773023
0.294639	0.030716
0.953654	0.205125
0.827735	0.533694
0.0368795	0.286086
0.586591	0.238843
0.115535	0.888922
0.480679	0.877892
0.401794	0.56003
0.211882	0.0957731
0.795183	0.520204
0.590789	0.269146
0.29947	0.704982
0.357446	0.123363
0.0328274	0.488039
0.427883	0.211556
0.260558	0.843935
0.245273	0.344509
0.913497	0.781307
0.699773	0.94047
0.629969	0.344304
0.241089	0.0626766
0.897314	0.622593
0.378176	0.314965
0.626812	0.05986
0.735464	0.231928
0.534928	0.366407
0.0965799	0.287374
0.0675761	0.644997
0.029313	0.0206543
0.720912	0.562322
0.643788	0.509159
0.863174	0.0970793
0.679205	0.461592
0.85547	0.35873
0.329649	0.876661
0.787488	0.769732
0.976915	0.216893
0.423268	0.755847
0.76556	0.840407
0.480959	0.129488
0.352577	0.926945
0.243048	0.772259
0.290054	0.919463
0.325588	0.101218
0.696604	0.526744
0.0882991	0.694014
0.975479	0.476215
0.800351	0.42839
0.29887	0.56615
0.716703	0.258985
0.525668	0.764883
0.93517	0.616458
0.991036	0.0593345
0.406678	0.201486
0.604652	0.0523696
0.963606	0.883439
0.417493	0.744516
0.832842	0.460977
0.268033	0.199524
0.045141	0.331554
0.886413	0.267579
0.11084	0.477832
0.72764	0.256389
0.102564	0.0125269
0.133566	0.0912549
0.56792	0.233243
0.268929	0.685194
0.566266	0.234055
0.01569	0.220733
0.050286	0.774414
0.582328	0.990987
0.816157	0.175436
0.247942	0.828255
0.784363	0.160609
0.226472	0.296471
0.590393	0.608159
0.823606	0.740891
0.593437	0.837714
0.69609	0.486287
0.230251	0.631404
0.267731	0.276601
0.438016	0.117583
0.30005	0.941444
0.278927	0.93358
0.464933	0.737248
0.381587	0.530299
0.174706	0.191807
0.242242	0.0799128
0.738162	0.855376
0.375532	0.567228
0.17491	0.00266524
0.95869	0.226799
0.568926	0.277193
0.912199	0.422341
0.440612	0.58264
0.108183	0.0972966
0.40524	0.50223
0.731957	0.393686
0.360093	0.101039
0.300594	0.999235
0.293401	0.212176
0.100608	0.131149
0.96246	0.3149
0.771605	0.770838
0.214112	0.89898
0.710794	0.444968
0.623796	0.0684993
0.872028	0.443664
0.402696	0.860421
0.0233931	0.532354
0.572697	0.777684
0.586813	0.937593
0.523557	0.0488784
0.126726	0.476908
0.875707	0.545933
0.631523	0.288609
0.440352	0.676088
0.0765847	0.438063
0.179006	0.942621
0.487166	0.786276
0.197212	0.222285
0.911732	0.756955
0.87639	0.895178
0.24757	0.84826
0.317938	0.614871
0.220253	0.693273
0.311401	0.628302
0.0255876	0.516628
0.162059	0.887743
0.436253	0.398045
0.19164	0.622429
0.222034	0.611864
0.359714	0.30421
0.270517	0.132563
0.0791925	0.622213
0.188654	0.306825
0.557954	0.842956
0.395493	0.254742
0.258733	0.0905534
0.895053	0.0576973
0.325363	0.585667
0.0200243	0.617139
0.91875	0.238627
0.0343252	0.727777
0.425259	0.738602
0.417762	0.0290499
0.400697	0.96387
0.712399	0.942589
0.155781	0.856011
0.971064	0.060836
0.531463	0.0333159
0.573501	0.942218
0.770167	0.767868
0.893328	0.92287
0.981334	0.24154
0.845736	0.767609
0.561252	0.424876
0.126202	0.793847
0.298023	0.874594
0.430553	0.780791
0.976356	0.728222
0.963164	0.538312
0.065135	0.600118
0.762208	0.299997
0.866751	0.9167
0.0919886	0.805132
0.316213	0.0142343
0.0849954	0.604821
0.284708	0.113821
0.837523	0.910617
0.544937	0.137571
0.0842747	0.120431
0.641463	0.569649
0.123401	0.279416
0.923934	0.478957
0.1304	0.133835
0.276505	0.527409
0.163818	0.905017
0.0632816	0.889256
0.38782	0.961442
0.550051	0.95428
0.0634535	0.984472
0.648827	0.324676
0.162545	0.815192
0.801006	0.215274
0.849783	0.927758
0.319653	0.773938
0.434426	0.548169
0.268953	0.28287
0.282833	0.146609
0.713809	0.0694563
0.507344	0.129481
0.248754	0.154284
0.79934	0.903297
0.621629	0.950395
0.356378	0.949716
0.263252	0.212161
0.520609	0.50896
0.174816	0.0544823
0.547755	0.727622
0.64804	0.45915
0.55115	0.950186
0.315837	0.0315258
0.624614	0.174863
0.81512	0.456611
0.891241	0.992464
0.667226	0.724102
0.424846	0.323466
0.703761	0.839813
0.0624113	0.0890742
0.357019	0.278534
0.725819	0.61615
0.866262	0.870868
0.0718247	0.767498
0.0160454	0.747784
0.229247	0.0372315
0.927215	0.779933
0.439355	0.703204
0.0256139	0.412377
0.237771	0.387618
0.0159536	0.261753
0.669676	0.249809
0.619167	0.965856
0.382683	0.176564
0.194135	0.910475
0.300715	0.493819
0.875722	0.392891
0.628218	0.366755
0.612238	0.900486
0.962258	0.772992
0.747312	0.566653
0.40223	0.535138
0.00747005	0.696612
0.0547767	0.509923
0.987982	0.938862
0.688506	0.138044
0.333134	0.851238
0.683991	0.362225
0.397243	0.00750419
0.335645	0.293885
0.333155	0.00212396
0.941141	0.429777
0.195645	0.987134
0.213852	0.945672
0.459985	0.816983
0.846837	0.181967
0.342882	0.414179
0.146509	0.0734325
0.733157	0.116018
0.744825	0.808342
0.250683	0.67794
0.875727	0.942618
0.746408	0.784367
0.609591	0.594253
0.565943	0.836409
0.453564	0.0327438
0.314266	0.0644772
0.822773	0.375316
0.256345	0.725443
0.0695079	0.191502
0.872655	0.603093
0.903516	0.769238
0.470311	0.604313
0.628214	0.630225
0.529835	0.686651
0.748274	0.655228
0.474876	0.504245
0.122742	0.869638
0.24685	0.845971
0.579321	0.346406
0.496793	0.81783
0.871931	0.809211
0.61642	0.827719
0.712289	0.525738
0.892914	0.7219
0.948858	0.575446
0.690952	0.0186946
0.882143	0.659148
0.4464	0.047011
0.814399	0.419812
0.446808	0.539931
0.126015	0.317585
0.219512	0.244278
0.61624	0.131606
0.609742	0.0911624
0.283424	0.302332
0.0436684	0.252238
0.815864	0.282783
0.271744	0.86974
0.562071	0.168072
0.369502	0.000704438